1.71021, 1002216
1.74293, 1002800
1.77232, 1003328
1.80136, 1003328
1.83165, 1003328
1.86124, 1003328
1.89088, 1003328
1.92116, 1003328
1.9514, 1003592
1.98193, 1003592
2.01579, 1003592
2.0479, 1003856
2.07948, 1003856
2.11323, 1003856
2.14641, 1004120
2.17792, 1004120
2.20935, 1004120
2.24018, 1004384
2.27119, 1004384
2.30231, 1004384
2.33401, 1004384
2.36594, 1004384
2.39788, 1004648
2.42937, 1004648
2.46126, 1004648
2.49351, 1004648
2.53071, 1005176
2.56286, 1005440
2.59383, 1005704
2.62504, 1005704
2.65699, 1005704
2.68946, 1005704
2.72215, 1005968
2.75556, 1006232
2.7886, 1006232
2.8219, 1006232
2.85571, 1006232
2.88935, 1006232
2.92199, 1006232
2.95482, 1006232
2.98843, 1006232
3.02222, 1006232
3.05623, 1006496
3.09519, 1006496
3.13692, 1006496
3.17164, 1006496
3.20797, 1006496
3.24339, 1006496
3.27933, 1006760
3.31454, 1006760
3.34963, 1006760
3.38969, 1006760
3.42516, 1006760
3.46152, 1006760
3.49682, 1006760
3.53122, 1007024
3.5656, 1007024
3.60219, 1007024
3.64331, 1007024
3.681, 1007024
3.72187, 1007024
3.76009, 1007288
3.79695, 1007288
3.83254, 1007288
3.87109, 1007288
3.90924, 1007288
3.94594, 1007288
3.9825, 1007288
4.01849, 1007552
4.05848, 1007552
4.09645, 1007552
4.13544, 1007552
4.1734, 1007552
4.21582, 1007816
4.25644, 1008344
4.29357, 1008344
4.33478, 1008344
4.37323, 1008344
4.41129, 1008344
4.44693, 1008344
4.48553, 1008344
4.52402, 1008344
4.56141, 1008344
4.59808, 1008344
4.63494, 1008344
4.67432, 1008344
4.71235, 1008344
4.75053, 1008344
4.78825, 1008344
4.82802, 1008344
4.86722, 1008344
4.90534, 1008344
4.94284, 1008344
4.9823, 1008344
5.02071, 1008608
5.05745, 1008608
5.09351, 1008608
5.13137, 1008608
5.16862, 1008608
5.20526, 1008608
5.24209, 1008608
5.27849, 1008872
5.31701, 1008872
5.35432, 1008872
5.39102, 1008872
5.42823, 1008872
5.46528, 1008872
5.50404, 1008872
5.54226, 1008872
5.58042, 1008872
5.61879, 1008872
5.66052, 1008872
5.70013, 1008872
5.73944, 1008872
5.77851, 1008872
5.8175, 1008872
5.85564, 1008872
5.90301, 1008872
5.95043, 1008872
5.98909, 1008872
6.02758, 1008872
6.0654, 1008872
6.10252, 1008872
6.13958, 1008872
6.1762, 1008872
6.21338, 1008872
6.25109, 1008872
6.2889, 1008872
6.3267, 1008872
6.36469, 1008872
6.40447, 1008872
6.44353, 1008872
6.47989, 1008872
6.51564, 1008872
6.54837, 1008872
6.58064, 1008872
6.61514, 1008872
6.66344, 1008872
6.71466, 1008872
6.75748, 1008872
6.79838, 1008872
6.84251, 1008872
6.88663, 1008872
6.92902, 1008872
6.97084, 1008872
7.01234, 1008872
7.06108, 1008872
7.10973, 1008872
7.152, 1008872
7.19682, 1008872
7.23784, 1008872
7.29196, 1010720
7.32884, 1010720
7.36646, 1010720
7.40852, 1010720
7.45185, 1010720
7.49953, 1010720
7.55216, 1010720
7.59519, 1010720
7.63941, 1010720
7.68142, 1010984
7.72406, 1011248
7.77134, 1011776
7.83412, 1012040
7.88853, 1012304
7.94005, 1012568
7.9958, 1012832
8.05649, 1013096
8.10976, 1013624
8.16052, 1013888
8.21519, 1014152
8.27801, 1014416
8.33794, 1014680
8.40202, 1014680
8.463, 1014680
8.51996, 1014944
8.57015, 1014944
8.61812, 1014944
8.69116, 1018112
8.73377, 1018112
8.78309, 1018112
8.83218, 1018112
8.88026, 1018112
8.93066, 1018112
8.98615, 1018112
9.04024, 1018376
9.0916, 1018640
9.14417, 1018640
9.19818, 1018904
9.25748, 1018904
9.31706, 1019168
9.38144, 1019168
9.44894, 1019432
9.50865, 1019432
9.56573, 1019432
9.629, 1019432
9.73138, 1019696
9.81447, 1021016
9.88109, 1021016
9.94185, 1021016
10.004, 1021016
10.0684, 1021016
10.1281, 1021016
10.1907, 1021016
10.271, 1021280
10.3573, 1021280
10.4296, 1021280
10.5197, 1021280
10.5908, 1021544
10.6524, 1021544
10.7332, 1021544
10.7999, 1021544
10.8584, 1021544
10.9157, 1021544
10.9735, 1021808
11.0402, 1021808
11.1086, 1021808
11.1866, 1021808
11.2465, 1021808
11.3073, 1021808
11.3674, 1021808
11.4265, 1021808
11.4866, 1021808
11.5436, 1022072
11.6036, 1022072
11.6668, 1022336
11.7288, 1022336
11.79, 1022336
11.8525, 1022336
11.9148, 1022600
11.9741, 1022600
12.0361, 1022600
12.1019, 1022600
12.1625, 1022600
12.2213, 1022600
12.277, 1022600
12.3306, 1022600
12.3911, 1022600
12.459, 1022864
12.5249, 1022864
12.5796, 1022864
12.6368, 1022864
12.6986, 1022864
12.7564, 1022864
12.8127, 1022864
12.875, 1022864
12.939, 1022864
13.0046, 1022864
13.0712, 1022864
13.1395, 1022864
13.2078, 1022864
13.2712, 1022864
13.3308, 1022864
13.3903, 1023128
13.4485, 1023128
13.5073, 1023128
13.5668, 1023128
13.6327, 1023128
13.6985, 1023128
13.7663, 1023128
13.8321, 1023128
13.8963, 1023128
13.9555, 1023128
14.0154, 1023128
14.0842, 1023128
14.1665, 1023392
14.2501, 1023392
14.3331, 1023392
14.4029, 1023392
14.4631, 1023392
14.5256, 1023392
14.585, 1023392
14.6455, 1023392
14.7061, 1023392
14.7658, 1023392
14.8286, 1023392
14.8923, 1023392
14.9531, 1023392
15.0125, 1023392
15.0673, 1023392
15.1207, 1023392
15.178, 1023656
15.2419, 1023656
15.3212, 1023656
15.3874, 1023656
15.4515, 1023656
15.5173, 1023656
15.5785, 1023920
15.6437, 1023920
15.7111, 1024184
15.7844, 1024184
15.8564, 1024184
15.9302, 1024448
15.9982, 1024448
16.0624, 1024712
16.1257, 1024712
16.1871, 1024976
16.2484, 1024976
16.3102, 1024976
16.3715, 1024976
16.4307, 1024976
16.4886, 1024976
16.5525, 1024976
16.6128, 1024976
16.6741, 1024976
16.7345, 1025240
16.796, 1025240
16.8579, 1025240
16.9168, 1025504
16.9777, 1025504
17.0379, 1025504
17.1002, 1025768
17.1633, 1025768
17.2284, 1026032
17.2948, 1026032
17.3593, 1026296
17.4209, 1026296
17.4823, 1026296
17.5434, 1026296
17.6038, 1026296
17.6658, 1026296
17.7267, 1026296
17.7875, 1026560
17.8475, 1026560
17.9078, 1026560
17.967, 1026560
18.0283, 1026560
18.0886, 1026560
18.1499, 1026560
18.2127, 1026824
18.2735, 1026824
18.3344, 1026824
18.3961, 1026824
18.456, 1026824
18.5155, 1026824
18.5765, 1026824
18.641, 1026824
18.705, 1026824
18.7661, 1026824
18.827, 1026824
18.8879, 1027088
18.9486, 1027088
19.011, 1027088
19.0715, 1027088
19.1322, 1027088
19.1925, 1027088
19.2539, 1027088
19.3138, 1027088
19.3727, 1027088
19.4318, 1027352
19.4937, 1027352
19.5562, 1027352
19.6185, 1027352
19.6832, 1027616
19.7504, 1027616
19.8159, 1027616
19.8766, 1027616
19.9367, 1027880
19.9982, 1027880
20.0567, 1027880
20.1197, 1027880
20.1819, 1027880
20.2412, 1027880
20.3013, 1028144
20.3611, 1028144
20.4216, 1028144
20.4868, 1028408
20.5539, 1028408
20.6219, 1028672
20.7432, 1033072
20.8119, 1033332
20.8808, 1033596
20.9502, 1033860
21.0194, 1034124
21.0868, 1034124
21.1576, 1034124
21.2267, 1034388
21.2946, 1034388
21.3614, 1034388
21.4271, 1034388
21.4932, 1034388
21.5627, 1034652
21.6341, 1034652
21.7052, 1034916
21.7777, 1034916
21.8509, 1034916
21.9252, 1034916
21.9999, 1034916
22.0742, 1035180
22.1495, 1035180
22.2246, 1035180
22.3, 1035180
22.3755, 1035180
22.4507, 1035444
22.5292, 1035444
22.606, 1035444
22.6833, 1035444
22.7591, 1035444
22.835, 1035444
22.9127, 1035444
22.9872, 1035444
23.0646, 1035708
23.14, 1035708
23.2152, 1035708
23.2886, 1035708
23.3615, 1035708
23.4349, 1035708
23.5096, 1035708
23.5898, 1035972
23.6662, 1035972
23.7415, 1035972
23.8157, 1035972
23.8891, 1035972
23.9616, 1035972
24.0323, 1035972
24.1045, 1035972
24.1747, 1035972
24.2444, 1036236
24.3114, 1036236
24.3765, 1036236
24.4397, 1036236
24.5012, 1036236
24.5631, 1036236
24.6343, 1036236
24.7036, 1036236
24.7662, 1036236
24.8281, 1036236
24.8901, 1036236
24.9503, 1036236
25.0144, 1036236
25.0748, 1036236
25.1358, 1036236
25.1956, 1036236
25.2524, 1036236
25.3099, 1036500
25.3674, 1036500
25.4269, 1036500
25.4854, 1036500
25.5535, 1036500
25.6131, 1036500
25.671, 1036500
25.7306, 1036500
25.7884, 1036500
25.8502, 1036500
25.9079, 1036764
25.9658, 1036764
26.0238, 1036764
26.0803, 1036764
26.1374, 1036764
26.1951, 1036764
26.2589, 1036764
26.3151, 1036764
26.372, 1036764
26.4296, 1036764
26.4859, 1036764
26.5437, 1036764
26.6007, 1036764
26.6598, 1036764
26.7205, 1036764
26.7791, 1036764
26.8361, 1036764
26.8942, 1036764
26.9528, 1036764
27.0111, 1036764
27.0688, 1036764
27.1272, 1036764
27.184, 1036764
27.241, 1036764
27.2995, 1036764
27.3596, 1036764
27.4185, 1037028
27.4782, 1037028
27.5373, 1037028
27.5971, 1037028
27.6596, 1037028
27.7203, 1037028
27.7814, 1037028
27.8417, 1037028
27.9018, 1037028
27.9605, 1037028
28.02, 1037028
28.0784, 1037028
28.1371, 1037028
28.2102, 1037028
28.2764, 1037028
28.3394, 1037028
28.4002, 1037028
28.4612, 1037028
28.5212, 1037028
28.581, 1037028
28.6495, 1037292
28.7123, 1037292
28.7725, 1037292
28.8335, 1037292
28.8942, 1037292
28.9553, 1037292
29.0167, 1037292
29.079, 1037292
29.14, 1037292
29.2037, 1037292
29.264, 1037292
29.3231, 1037292
29.382, 1037292
29.4419, 1037292
29.5009, 1037292
29.5605, 1037292
29.6199, 1037292
29.6822, 1037292
29.7462, 1037292
29.8086, 1037292
29.8695, 1037292
29.9304, 1037556
29.9918, 1037556
30.0707, 1037556
30.1388, 1037556
30.2043, 1037556
30.2686, 1037556
30.3353, 1037556
30.4002, 1037556
30.471, 1037556
30.5351, 1037556
30.6014, 1037556
30.6717, 1037556
30.7363, 1037556
30.8001, 1037556
30.8679, 1037556
30.9319, 1037556
30.9998, 1037556
31.0668, 1037556
31.1319, 1037556
31.2017, 1037556
31.2667, 1037556
31.3307, 1037556
31.3923, 1037556
31.4544, 1037820
31.5188, 1037820
31.5793, 1037820
31.6431, 1037820
31.705, 1037820
31.7654, 1037820
31.825, 1037820
31.8848, 1037820
31.9499, 1037820
32.0094, 1037820
32.075, 1037820
32.135, 1037820
32.1927, 1037820
32.2547, 1037820
32.3145, 1037820
32.372, 1037820
32.4338, 1037820
32.4925, 1038084
32.5516, 1038084
32.6139, 1038084
32.6818, 1038084
32.7426, 1038084
32.8043, 1038084
32.866, 1038084
32.9254, 1038084
32.9844, 1038084
33.0436, 1038084
33.1041, 1038084
33.1709, 1038084
33.2318, 1038084
33.2966, 1038084
33.3587, 1038084
33.4185, 1038084
33.4767, 1038084
33.5399, 1038084
33.6021, 1038084
33.6605, 1038084
33.7184, 1038084
33.7803, 1038084
33.8368, 1038084
33.8919, 1038084
33.943, 1038084
33.9951, 1038084
34.0477, 1038084
34.0993, 1038084
34.1523, 1038084
34.2031, 1038084
34.2532, 1038084
34.3055, 1038084
34.3572, 1038084
34.4156, 1038084
34.4682, 1038348
34.5192, 1038348
34.5739, 1038348
34.6241, 1038348
34.6764, 1038348
34.7263, 1038348
34.7766, 1038348
34.8253, 1038348
34.8748, 1038348
34.9232, 1038348
34.9734, 1038348
35.0228, 1038348
35.0729, 1038348
35.1232, 1038348
35.1732, 1038348
35.2222, 1038348
35.2717, 1038348
35.3204, 1038348
35.3704, 1038348
35.4194, 1038348
35.4698, 1038348
35.5188, 1038348
35.5697, 1038348
35.6212, 1038348
35.6742, 1038348
35.7267, 1038348
35.7813, 1038348
35.8339, 1038348
35.8872, 1038348
35.9379, 1038348
35.99, 1038348
36.0443, 1038348
36.0976, 1038348
36.155, 1038348
36.2078, 1038348
36.2617, 1038348
36.3148, 1038348
36.3661, 1038348
36.4219, 1038348
36.4736, 1038348
36.5291, 1038348
36.5802, 1038348
36.6353, 1038348
36.688, 1038348
36.742, 1038348
36.7931, 1038348
36.8473, 1038348
36.8987, 1038348
36.951, 1038348
37.0059, 1038348
37.0589, 1038348
37.1107, 1038348
37.1648, 1038348
37.2182, 1038348
37.2757, 1038348
37.3313, 1038348
37.3838, 1038348
37.4392, 1038348
37.4922, 1038348
37.5607, 1040724
37.618, 1040724
37.6747, 1040724
37.7387, 1040724
37.7971, 1040724
37.8594, 1040724
37.9209, 1040724
37.9797, 1040724
38.0386, 1040724
38.0995, 1040724
38.1575, 1040724
38.2144, 1040724
38.2713, 1040724
38.3285, 1040724
38.3822, 1040724
38.4372, 1040724
38.4907, 1040724
38.5453, 1040724
38.5979, 1040724
38.6549, 1040724
38.7102, 1040724
38.764, 1040724
38.8195, 1040724
38.8737, 1040724
38.9297, 1040724
38.9868, 1040724
39.0474, 1040724
39.1073, 1040724
39.1732, 1040724
39.2351, 1040724
39.2971, 1040724
39.3591, 1040724
39.4246, 1040724
39.4884, 1040724
39.5662, 1040724
39.6336, 1040724
39.7043, 1040724
39.7707, 1040724
39.8354, 1040724
39.899, 1040724
39.9618, 1040724
40.0279, 1040724
40.0908, 1040724
40.1535, 1040724
40.2155, 1040724
40.2766, 1040724
40.3377, 1040724
40.4019, 1040724
40.4644, 1040724
40.5296, 1040724
40.5981, 1040724
40.6639, 1040724
40.729, 1040724
40.797, 1040724
40.8627, 1040724
40.9273, 1040724
40.9915, 1040724
41.0581, 1040724
41.1329, 1040724
41.1994, 1040724
41.268, 1040724
41.3423, 1040724
41.4087, 1040724
41.475, 1040724
41.5442, 1040724
41.6122, 1040724
41.6781, 1040724
41.7427, 1040724
41.8081, 1040724
41.8747, 1040724
41.9414, 1040724
42.006, 1040724
42.0707, 1040724
42.1359, 1040724
42.2005, 1040724
42.2722, 1040724
42.3371, 1040724
42.4013, 1040724
42.4655, 1040724
42.5288, 1040724
42.5916, 1040724
42.6616, 1040724
42.7314, 1040724
42.8162, 1040724
42.9035, 1040724
42.9897, 1040724
43.0577, 1040724
43.1221, 1040724
43.2044, 1040724
43.2677, 1040724
43.3308, 1040724
43.3939, 1040724
43.4574, 1040724
43.5202, 1040724
43.583, 1040724
43.6458, 1040724
43.7106, 1040724
43.7731, 1040724
43.8363, 1040724
43.8994, 1040724
43.9641, 1040724
44.0282, 1040724
44.0942, 1040724
44.1584, 1040724
44.2241, 1040724
44.2879, 1040724
44.3563, 1040724
44.4307, 1040724
44.4987, 1040724
44.5646, 1040724
44.6355, 1040724
44.7079, 1040724
44.7775, 1040724
44.8463, 1040724
44.9108, 1040724
44.9742, 1040724
45.0379, 1040724
45.1001, 1040724
45.1647, 1040724
45.2283, 1040724
45.2908, 1040724
45.3528, 1040724
45.4162, 1040724
45.4788, 1040724
45.5415, 1040724
45.6035, 1040724
45.6654, 1040724
45.7283, 1040724
45.7888, 1040724
45.8477, 1040724
45.9061, 1040724
45.9697, 1040724
46.0297, 1040724
46.0889, 1040724
46.1486, 1040724
46.2053, 1040724
46.2623, 1040724
46.3184, 1040724
46.3731, 1040724
46.4315, 1040724
46.4874, 1040724
46.5414, 1040724
46.597, 1040724
46.6498, 1040724
46.7062, 1040724
46.7611, 1040724
46.814, 1040724
46.8668, 1040724
46.9171, 1040724
46.9686, 1040724
47.019, 1040724
47.0728, 1040724
47.1235, 1040724
47.1765, 1040724
47.2281, 1040724
47.2804, 1040724
47.3309, 1040724
47.3826, 1040724
47.4331, 1040724
47.485, 1040724
47.537, 1040724
47.5889, 1040724
47.6414, 1040724
47.6949, 1040724
47.7466, 1040724
47.799, 1040724
47.8494, 1040724
47.9011, 1040724
47.9534, 1040724
48.0062, 1040724
48.0586, 1040724
48.1136, 1040724
48.1657, 1040724
48.2211, 1040724
48.2739, 1040724
48.3278, 1040724
48.3804, 1040724
48.4332, 1040724
48.4847, 1040724
48.5377, 1040724
48.5897, 1040724
48.6481, 1040724
48.7037, 1040724
48.7569, 1040724
48.8115, 1040724
48.8637, 1040724
48.9171, 1040724
48.9704, 1040724
49.0256, 1040724
49.0787, 1040724
49.1339, 1040724
49.1871, 1040724
49.2411, 1040724
49.2943, 1040724
49.3507, 1040724
49.4114, 1040724
49.467, 1040724
49.522, 1040724
49.578, 1040724
49.6322, 1040724
49.6893, 1040724
49.7485, 1040724
49.8049, 1040724
49.8588, 1040724
49.9172, 1040724
49.9729, 1040724
50.03, 1040724
50.0879, 1040724
50.1449, 1040724
50.2016, 1040724
50.2575, 1040724
50.3115, 1040724
50.3669, 1040988
50.4211, 1040988
50.4769, 1040988
50.5298, 1040988
50.5851, 1040988
50.6397, 1040988
50.6966, 1040988
50.7539, 1040988
50.8093, 1040988
50.8631, 1040988
50.9186, 1040988
50.9729, 1040988
51.0298, 1040988
51.0872, 1040988
51.1448, 1040988
51.2011, 1040988
51.2552, 1040988
51.3118, 1040988
51.3702, 1040988
51.4275, 1040988
51.4887, 1040988
51.5495, 1040988
51.6084, 1040988
51.6833, 1040988
51.746, 1040988
51.8062, 1040988
51.8664, 1040988
51.9262, 1040988
51.9868, 1040988
52.0467, 1040988
52.1063, 1040988
52.1658, 1040988
52.2239, 1040988
52.2848, 1040988
52.345, 1040988
52.4058, 1040988
52.4653, 1040988
52.5242, 1040988
52.5836, 1040988
52.6441, 1040988
52.7037, 1040988
52.7633, 1040988
52.8213, 1040988
52.8824, 1040988
52.9392, 1040988
52.9977, 1040988
53.0576, 1040988
53.1194, 1040988
53.1781, 1040988
53.2361, 1040988
53.2923, 1040988
53.347, 1040988
53.4039, 1040988
53.4609, 1040988
53.5187, 1040988
53.5759, 1040988
53.634, 1040988
53.6911, 1040988
53.7474, 1040988
53.808, 1040988
53.863, 1040988
53.9195, 1040988
53.9763, 1040988
54.0337, 1040988
54.0922, 1040988
54.1506, 1040988
54.2086, 1040988
54.2656, 1040988
54.3218, 1040988
54.3769, 1040988
54.4347, 1040988
54.4949, 1040988
54.554, 1040988
54.6212, 1040988
54.6838, 1040988
54.747, 1040988
54.8065, 1040988
54.8641, 1040988
54.9212, 1040988
54.9791, 1040988
55.0378, 1040988
55.0994, 1040988
55.1594, 1040988
55.2183, 1040988
55.2796, 1040988
55.3392, 1040988
55.3967, 1040988
55.4542, 1040988
55.512, 1040988
55.5697, 1040988
55.6279, 1040988
55.6923, 1040988
55.7546, 1040988
55.815, 1040988
55.8737, 1040988
55.9368, 1040988
55.9984, 1040988
56.0583, 1040988
56.1163, 1040988
56.1751, 1040988
56.2323, 1040988
56.2909, 1040988
56.3531, 1040988
56.4179, 1040988
56.4772, 1040988
56.5387, 1040988
56.603, 1040988
56.6648, 1040988
56.7289, 1040988
56.7921, 1040988
56.8535, 1040988
56.9136, 1040988
56.9751, 1040988
57.0375, 1040988
57.099, 1040988
57.1651, 1040988
57.2268, 1040988
57.2903, 1040988
57.3521, 1040988
57.4139, 1040988
57.476, 1040988
57.5379, 1040988
57.5993, 1040988
57.6654, 1040988
57.7283, 1040988
57.7926, 1040988
57.8551, 1040988
57.9153, 1040988
57.9757, 1040988
58.036, 1040988
58.0981, 1040988
58.16, 1040988
58.2204, 1040988
58.2811, 1040988
58.3403, 1040988
58.3992, 1040988
58.457, 1040988
58.5146, 1040988
58.5719, 1040988
58.6305, 1040988
58.6902, 1040988
58.7519, 1040988
58.8122, 1040988
58.8722, 1040988
58.9327, 1040988
58.9935, 1040988
59.0554, 1040988
59.1159, 1040988
59.1803, 1040988
59.2444, 1040988
59.3053, 1040988
59.3673, 1040988
59.4259, 1040988
59.485, 1040988
59.5436, 1040988
59.6029, 1040988
59.6622, 1040988
59.7216, 1040988
59.7823, 1040988
59.843, 1040988
59.9079, 1040988
59.9677, 1040988
60.028, 1040988
60.0875, 1040988
60.1489, 1040988
60.2083, 1040988
60.2724, 1040988
60.3352, 1040988
60.3941, 1040988
60.4534, 1040988
60.5125, 1040988
60.5711, 1040988
60.632, 1040988
60.6941, 1040988
60.7546, 1040988
60.8178, 1040988
60.8767, 1040988
60.9359, 1040988
60.994, 1040988
61.052, 1040988
61.1092, 1040988
61.1651, 1040988
61.2179, 1040988
61.2724, 1040988
61.3258, 1040988
61.3792, 1040988
61.4315, 1040988
61.4864, 1040988
61.5401, 1040988
61.5933, 1040988
61.6459, 1040988
61.7021, 1040988
61.7554, 1040988
61.8096, 1040988
61.8657, 1040988
61.9232, 1040988
61.9782, 1041252
62.0303, 1041252
62.0844, 1041252
62.1382, 1041252
62.1955, 1041252
62.252, 1041252
62.3091, 1041252
62.3617, 1041252
62.4175, 1041252
62.4722, 1041252
62.5283, 1041252
62.5817, 1041252
62.6377, 1041252
62.6938, 1041252
62.7496, 1041252
62.8054, 1041252
62.8644, 1041252
62.9261, 1041252
62.9844, 1041252
63.0432, 1041252
63.1067, 1041252
63.1698, 1041252
63.229, 1041252
63.2885, 1041252
63.3468, 1041252
63.4085, 1041252
63.4678, 1041252
63.5284, 1041252
63.5894, 1041252
63.6539, 1041252
63.7171, 1041252
63.7804, 1041252
63.8533, 1041252
63.9164, 1041252
63.9789, 1041252
64.0423, 1041252
64.1036, 1041252
64.1656, 1041252
64.2275, 1041252
64.2957, 1041252
64.3594, 1041252
64.4206, 1041252
64.4895, 1041252
64.5506, 1041252
64.6139, 1041252
64.6772, 1041252
64.7427, 1041252
64.804, 1041252
64.8656, 1041252
64.9265, 1041252
64.9854, 1041252
65.0439, 1041252
65.1045, 1041252
65.1631, 1041252
65.2217, 1041252
65.2797, 1041252
65.338, 1041252
65.4033, 1041252
65.4634, 1041252
65.524, 1041252
65.5815, 1041252
65.6446, 1041252
65.7059, 1041252
65.7656, 1041252
65.8265, 1041252
65.8856, 1041252
65.9461, 1041252
66.006, 1041252
66.0648, 1041252
66.1237, 1041252
66.183, 1041252
66.2442, 1041252
66.3045, 1041252
66.3655, 1041252
66.437, 1041252
66.4973, 1041252
66.5568, 1041252
66.6155, 1041252
66.6752, 1041252
66.7357, 1041252
66.7965, 1041252
66.8578, 1041252
66.9162, 1041252
66.9753, 1041252
67.0333, 1041252
67.0912, 1041252
67.1529, 1041252
67.2132, 1041252
67.2712, 1041252
67.3293, 1041252
67.3899, 1041252
67.4477, 1041252
67.5048, 1041252
67.5617, 1041252
67.6216, 1041252
67.6821, 1041252
67.7421, 1041252
67.8013, 1041252
67.8625, 1041252
67.9241, 1041252
67.9829, 1041252
68.0409, 1041252
68.0976, 1041252
68.1574, 1041252
68.2162, 1041252
68.2723, 1041252
68.3296, 1041252
68.3854, 1041252
68.4441, 1041252
68.4993, 1041252
68.5534, 1041252
68.6087, 1041252
68.6629, 1041252
68.7188, 1041252
68.7737, 1041252
68.8315, 1041252
68.8869, 1041252
68.9406, 1041252
68.9985, 1041252
69.0543, 1041252
69.1079, 1041252
69.1646, 1041252
69.2203, 1041252
69.2749, 1041252
69.3313, 1041252
69.3878, 1041252
69.4428, 1041252
69.4985, 1041252
69.5555, 1041252
69.6115, 1041252
69.6693, 1041252
69.7269, 1041252
69.7845, 1041252
69.8414, 1041252
69.9049, 1041252
69.9647, 1041252
70.0232, 1041252
70.0788, 1041252
70.1337, 1041252
70.1894, 1041252
70.2411, 1041252
70.295, 1041252
70.3487, 1041252
70.4039, 1041252
70.4581, 1041252
70.5143, 1041252
70.5712, 1041252
70.6244, 1041252
70.6775, 1041252
70.7324, 1041252
70.7824, 1041252
70.8333, 1041252
70.8821, 1041252
70.9324, 1041252
70.9811, 1041252
71.0309, 1041252
71.0795, 1041252
71.1285, 1041252
71.1764, 1041252
71.2251, 1041252
71.2733, 1041252
71.3206, 1041252
71.3683, 1041252
71.4159, 1041252
71.4649, 1041252
71.5104, 1041252
71.5551, 1041252
71.6001, 1041252
71.6446, 1041252
71.6898, 1041252
71.7338, 1041252
71.7797, 1041252
71.825, 1041252
71.8719, 1041252
71.918, 1041252
71.9658, 1041252
72.0136, 1041252
72.0611, 1041252
72.1066, 1041252
72.1538, 1041252
72.2006, 1041252
72.2485, 1041252
72.2944, 1041252
72.3417, 1041252
72.3901, 1041252
72.4454, 1041252
72.4922, 1041252
72.5407, 1041252
72.587, 1041252
72.6365, 1041252
72.6847, 1041252
72.7334, 1041252
72.7805, 1041252
72.8287, 1041252
72.8748, 1041252
72.9216, 1041252
72.9681, 1041252
73.0163, 1041252
73.065, 1041252
73.1127, 1041252
73.1592, 1041252
73.2064, 1041252
73.2531, 1041252
73.3013, 1041252
73.3488, 1041252
73.3965, 1041252
73.4427, 1041252
73.4905, 1041252
73.5368, 1041252
73.5859, 1041252
73.6338, 1041252
73.6867, 1041252
73.7351, 1041252
73.7845, 1041252
73.8324, 1041252
73.8804, 1041252
73.9276, 1041252
73.9757, 1041252
74.0232, 1041252
74.0711, 1041252
74.1229, 1041252
74.1717, 1041252
74.2204, 1041252
74.2689, 1041252
74.3167, 1041252
74.373, 1041252
74.4237, 1041252
74.4772, 1041252
74.5279, 1041252
74.5794, 1041252
74.63, 1041252
74.6827, 1041252
74.7354, 1041252
74.7888, 1041252
74.8402, 1041252
74.8926, 1041252
74.9444, 1041252
74.9979, 1041252
75.0511, 1041252
75.1068, 1041252
75.1647, 1041252
75.2196, 1041252
75.2729, 1041252
75.3286, 1041252
75.3845, 1041252
75.4393, 1041252
75.4925, 1041252
75.5475, 1041252
75.6004, 1041252
75.6581, 1041252
75.7146, 1041252
75.7702, 1041252
75.8247, 1041252
75.8816, 1041252
75.937, 1041252
75.9904, 1041252
76.0441, 1041252
76.0964, 1041252
76.1493, 1041252
76.2075, 1041252
76.2619, 1041252
76.3121, 1041252
76.3639, 1041252
76.4203, 1041252
76.4714, 1041252
76.5217, 1041252
76.5744, 1041252
76.6313, 1041252
76.6836, 1041252
76.7359, 1041252
76.7894, 1041252
76.8403, 1041252
76.896, 1041252
76.9489, 1041252
77.0046, 1041516
77.0642, 1041516
77.1216, 1041516
77.1832, 1041516
77.2394, 1041516
77.2931, 1041516
77.3468, 1041516
77.3988, 1041516
77.4573, 1041516
77.511, 1041516
77.5627, 1041516
77.6213, 1041516
77.6756, 1041516
77.7287, 1041516
77.7893, 1041516
77.844, 1041516
77.8979, 1041516
77.9536, 1041516
78.0076, 1041516
78.0651, 1041516
78.1317, 1041516
78.1917, 1041516
78.2504, 1041516
78.311, 1041516
78.3693, 1041516
78.4305, 1041516
78.4891, 1041516
78.5471, 1041516
78.6063, 1041516
78.6691, 1041516
78.7303, 1041516
78.7909, 1041516
78.85, 1041516
78.9098, 1041516
78.9699, 1041516
79.0269, 1041516
79.0844, 1041516
79.1411, 1041516
79.1986, 1041516
79.2557, 1041516
79.3125, 1041516
79.3722, 1041516
79.4305, 1041516
79.4883, 1041516
79.5494, 1041516
79.61, 1041516
79.6687, 1041516
79.7256, 1041516
79.7806, 1041516
79.833, 1041516
79.889, 1041516
79.9395, 1041516
79.9939, 1041516
80.0427, 1041516
80.093, 1041516
80.141, 1041516
80.1917, 1041516
80.2406, 1041516
80.2905, 1041516
80.3388, 1041516
80.3893, 1041516
80.4399, 1041516
80.4894, 1041516
80.5381, 1041516
80.5867, 1041516
80.6364, 1041516
80.6874, 1041516
80.7384, 1041516
80.7887, 1041516
80.8429, 1041516
80.8923, 1041516
80.9446, 1041516
80.9973, 1041516
81.0471, 1041516
81.1001, 1041516
81.1513, 1041516
81.2046, 1041516
81.2564, 1041516
81.3153, 1041516
81.3721, 1041516
81.4283, 1041516
81.485, 1041516
81.5447, 1041516
81.6031, 1041516
81.6657, 1041516
81.7273, 1041516
81.792, 1041516
81.8514, 1041516
81.9108, 1041516
81.9694, 1041516
82.0263, 1041516
82.0834, 1041516
82.1417, 1041516
82.2006, 1041516
82.2608, 1041516
82.3249, 1041516
82.3864, 1041516
82.4444, 1041516
82.5086, 1041516
82.5801, 1041516
82.6464, 1041516
82.7133, 1041516
82.7784, 1041516
82.8445, 1041516
82.9092, 1041516
82.9738, 1041516
83.0361, 1041516
83.0976, 1041516
83.1579, 1041516
83.2195, 1041516
83.2808, 1041516
83.3411, 1041516
83.4037, 1041516
83.4629, 1041516
83.5221, 1041516
83.5801, 1041516
83.6398, 1041516
83.6992, 1041516
83.7569, 1041516
83.8184, 1041516
83.8761, 1041516
83.9315, 1041516
83.9856, 1041516
84.0451, 1041516
84.1022, 1041516
84.1598, 1041516
84.2186, 1041516
84.2768, 1041516
84.3329, 1041516
84.3889, 1041516
84.4448, 1041516
84.4984, 1041516
84.5532, 1041516
84.6097, 1041516
84.6661, 1041516
84.7226, 1041516
84.7765, 1041516
84.8303, 1041516
84.8835, 1041516
84.9379, 1041516
84.9911, 1041516
85.0454, 1041516
85.1016, 1041516
85.1571, 1041516
85.2119, 1041516
85.2676, 1041516
85.3237, 1041516
85.3807, 1041516
85.4348, 1041516
85.4885, 1041516
85.5417, 1041516
85.593, 1041516
85.6467, 1041516
85.6992, 1041516
85.7558, 1041516
85.8086, 1041516
85.8612, 1041516
85.9125, 1041516
85.965, 1041516
86.0187, 1041516
86.074, 1041516
86.126, 1041516
86.1786, 1041516
86.2289, 1041516
86.2804, 1041780
86.3298, 1041780
86.3808, 1041780
86.4302, 1041780
86.4851, 1041780
86.5341, 1041780
86.586, 1041780
86.6356, 1041780
86.6882, 1041780
86.7405, 1041780
86.798, 1041780
86.8504, 1041780
86.9004, 1041780
86.9521, 1041780
87.0025, 1041780
87.0544, 1041780
87.1144, 1041780
87.1689, 1041780
87.2211, 1041780
87.2741, 1041780
87.3265, 1041780
87.3865, 1041780
87.4399, 1041780
87.4917, 1041780
87.5446, 1041780
87.5951, 1041780
87.6492, 1041780
87.7006, 1041780
87.758, 1041780
87.8117, 1041780
87.8636, 1041780
87.9153, 1041780
87.9659, 1041780
88.0189, 1041780
88.0717, 1041780
88.1263, 1041780
88.1823, 1041780
88.2354, 1041780
88.2936, 1041780
88.3498, 1041780
88.4029, 1041780
88.458, 1041780
88.5208, 1041780
88.5892, 1041780
88.6587, 1041780
88.7275, 1041780
88.7965, 1041780
88.8593, 1041780
88.9257, 1041780
88.9931, 1041780
89.0612, 1041780
89.1279, 1041780
89.1892, 1041780
89.2422, 1041780
89.2952, 1041780
89.3538, 1041780
89.4134, 1041780
89.4748, 1041780
89.5381, 1041780
89.5969, 1041780
89.6513, 1041780
89.703, 1041780
89.7554, 1041780
89.8075, 1041780
89.8615, 1041780
89.9126, 1041780
89.9628, 1041780
90.0133, 1041780
90.0641, 1041780
90.1129, 1041780
90.1639, 1041780
90.213, 1041780
90.2635, 1041780
90.3146, 1041780
90.3646, 1041780
90.4164, 1041780
90.4691, 1041780
90.5192, 1041780
90.5683, 1041780
90.6178, 1041780
90.6688, 1041780
90.7202, 1041780
90.7711, 1041780
90.8201, 1041780
90.8702, 1041780
90.9208, 1041780
90.9716, 1041780
91.0215, 1041780
91.0722, 1041780
91.1215, 1041780
91.1723, 1041780
91.2225, 1041780
91.2729, 1041780
91.323, 1041780
91.3778, 1041780
91.4292, 1041780
91.4816, 1041780
91.5319, 1041780
91.5821, 1041780
91.6317, 1041780
91.6828, 1041780
91.7328, 1041780
91.7839, 1041780
91.8332, 1041780
91.8833, 1041780
91.9334, 1041780
91.985, 1041780
92.0348, 1041780
92.0858, 1041780
92.1366, 1041780
92.1892, 1041780
92.2406, 1041780
92.2941, 1041780
92.3443, 1041780
92.3972, 1041780
92.4478, 1041780
92.4999, 1041780
92.5495, 1041780
92.6011, 1041780
92.6525, 1041780
92.7054, 1041780
92.7578, 1041780
92.8119, 1041780
92.8645, 1041780
92.9183, 1041780
92.9705, 1041780
93.0223, 1041780
93.0763, 1041780
93.1306, 1041780
93.1896, 1041780
93.248, 1041780
93.3066, 1041780
93.3595, 1041780
93.4117, 1041780
93.4722, 1041780
93.5348, 1041780
93.5983, 1041780
93.6607, 1041780
93.7246, 1041780
93.7881, 1041780
93.8453, 1041780
93.9009, 1041780
93.9583, 1041780
94.0219, 1041780
94.0898, 1041780
94.1538, 1041780
94.2214, 1041780
94.2824, 1041780
94.3448, 1041780
94.4018, 1041780
94.4611, 1041780
94.5237, 1041780
94.5816, 1041780
94.639, 1041780
94.6953, 1041780
94.7496, 1041780
94.8056, 1041780
94.8617, 1041780
94.9205, 1041780
94.9768, 1041780
95.0331, 1041780
95.0906, 1041780
95.1485, 1041780
95.213, 1041780
95.2822, 1041780
95.3494, 1041780
95.4126, 1041780
95.4793, 1041780
95.5425, 1041780
95.6004, 1041780
95.6676, 1041780
95.7414, 1041780
95.8131, 1041780
95.8759, 1041780
95.9401, 1041780
96.0031, 1041780
96.0628, 1041780
96.1221, 1041780
96.1823, 1041780
96.2417, 1041780
96.298, 1041780
96.3538, 1041780
96.4106, 1041780
96.4663, 1041780
96.5194, 1041780
96.5733, 1041780
96.6323, 1041780
96.6941, 1041780
96.75, 1041780
96.806, 1041780
96.8671, 1041780
96.9219, 1041780
96.976, 1041780
97.0318, 1041780
97.085, 1041780
97.1382, 1041780
97.1908, 1041780
97.2453, 1041780
97.2985, 1041780
97.3543, 1041780
97.4057, 1041780
97.4583, 1041780
97.5085, 1041780
97.5606, 1041780
97.6104, 1041780
97.6626, 1041780
97.7127, 1041780
97.7642, 1041780
97.8133, 1041780
97.8663, 1041780
97.9189, 1041780
97.9712, 1041780
98.0225, 1041780
98.0746, 1041780
98.1281, 1041780
98.1865, 1041780
98.2408, 1041780
98.2928, 1041780
98.3468, 1041780
98.4037, 1041780
98.4563, 1041780
98.5076, 1041780
98.5602, 1041780
98.6108, 1041780
98.664, 1041780
98.7267, 1041780
98.7816, 1041780
98.8351, 1041780
98.8884, 1041780
98.9407, 1041780
98.9941, 1041780
99.0482, 1041780
99.1033, 1041780
99.1572, 1041780
99.2117, 1041780
99.2734, 1041780
99.3387, 1041780
99.3937, 1041780
99.4475, 1041780
99.5033, 1041780
99.5594, 1041780
99.6152, 1041780
99.676, 1041780
99.7306, 1041780
99.7836, 1041780
99.8415, 1041780
99.8951, 1041780
99.9486, 1041780
100.005, 1041780
100.06, 1041780
100.119, 1041780
100.173, 1041780
100.229, 1041780
100.284, 1041780
100.339, 1041780
100.393, 1041780
100.447, 1041780
100.504, 1041780
100.56, 1041780
100.614, 1041780
100.672, 1041780
100.729, 1041780
100.785, 1041780
100.841, 1041780
100.898, 1041780
100.956, 1041780
101.012, 1041780
101.067, 1041780
101.125, 1041780
101.181, 1041780
101.235, 1041780
101.292, 1042044
101.349, 1042044
101.405, 1042044
101.458, 1042044
101.511, 1042044
101.564, 1042044
101.618, 1042044
101.673, 1042044
101.729, 1042044
101.781, 1042044
101.834, 1042044
101.89, 1042044
101.944, 1042044
101.996, 1042044
102.05, 1042044
102.103, 1042044
102.158, 1042044
102.212, 1042044
102.269, 1042044
102.327, 1042044
102.385, 1042044
102.441, 1042044
102.501, 1042044
102.564, 1042044
102.63, 1042044
102.711, 1042044
102.782, 1042044
102.853, 1042044
102.925, 1042044
102.996, 1042044
103.065, 1042044
103.135, 1042044
103.198, 1042044
103.26, 1042044
103.329, 1042044
103.397, 1042044
103.464, 1042044
103.53, 1042044
103.594, 1042044
103.661, 1042044
103.729, 1042044
103.798, 1042044
103.871, 1042044
103.934, 1042044
103.997, 1042044
104.057, 1042044
104.117, 1042044
104.177, 1042044
104.238, 1042044
104.298, 1042044
104.358, 1042044
104.418, 1042044
104.481, 1042044
104.538, 1042044
104.594, 1042044
104.651, 1042044
104.711, 1042044
104.769, 1042044
104.83, 1042044
104.889, 1042044
104.947, 1042044
105.008, 1042044
105.067, 1042044
105.126, 1042044
105.183, 1042044
105.242, 1042044
105.299, 1042044
105.357, 1042044
105.415, 1042044
105.471, 1042044
105.526, 1042044
105.582, 1042044
105.641, 1042044
105.702, 1042044
105.761, 1042044
105.818, 1042044
105.876, 1042044
105.933, 1042044
105.99, 1042044
106.049, 1042044
106.107, 1042044
106.165, 1042044
106.224, 1042044
106.283, 1042044
106.342, 1042044
106.402, 1042044
106.46, 1042044
106.517, 1042044
106.573, 1042044
106.628, 1042044
106.683, 1042044
106.739, 1042044
106.793, 1042044
106.845, 1042044
106.897, 1042044
106.948, 1042044
107, 1042044
107.052, 1042044
107.105, 1042044
107.159, 1042044
107.215, 1042044
107.267, 1042044
107.32, 1042044
107.372, 1042044
107.424, 1042044
107.476, 1042044
107.528, 1042044
107.578, 1042044
107.63, 1042044
107.68, 1042044
107.733, 1042044
107.784, 1042044
107.835, 1042044
107.885, 1042044
107.936, 1042044
107.985, 1042044
108.038, 1042044
108.088, 1042044
108.139, 1042044
108.188, 1042044
108.239, 1042044
108.29, 1042044
108.341, 1042044
108.404, 1042044
108.456, 1042044
108.509, 1042044
108.564, 1042044
108.616, 1042044
108.676, 1042044
108.734, 1042044
108.802, 1042044
108.856, 1042044
108.919, 1042044
108.991, 1042044
109.046, 1042044
109.105, 1042044
109.163, 1042044
109.225, 1042044
109.284, 1042044
109.361, 1042044
109.438, 1042044
109.499, 1042044
109.562, 1042044
109.623, 1042044
109.697, 1042044
109.762, 1042044
109.827, 1042044
109.889, 1042044
109.971, 1042044
110.034, 1042044
110.106, 1042044
110.168, 1042044
110.231, 1042044
110.294, 1042044
110.356, 1042044
110.417, 1042044
110.48, 1042044
110.542, 1042044
110.607, 1042044
110.673, 1042044
110.739, 1042044
110.806, 1042044
110.874, 1042044
110.944, 1042044
111.013, 1042044
111.084, 1042044
111.154, 1042044
111.223, 1042044
111.294, 1042044
111.364, 1042044
111.434, 1042044
111.505, 1042044
111.58, 1042044
111.663, 1042044
111.742, 1042044
111.822, 1042044
111.898, 1042044
111.98, 1042044
112.072, 1042308
112.176, 1042308
112.29, 1042572
112.386, 1042572
112.49, 1042836
112.602, 1043100
112.712, 1043364
112.822, 1043628
112.928, 1043892
113.033, 1043892
113.129, 1043892
113.231, 1043892
113.336, 1043892
113.425, 1044156
113.511, 1044156
113.592, 1044156
113.673, 1044156
113.752, 1044156
113.829, 1044156
113.904, 1044156
113.986, 1044156
114.086, 1044156
114.182, 1044156
114.27, 1044156
114.355, 1044156
114.442, 1044156
114.526, 1044156
114.614, 1044156
114.707, 1044156
114.789, 1044156
114.882, 1044156
114.968, 1044156
115.061, 1044156
115.149, 1044156
115.226, 1044156
115.301, 1044156
115.375, 1044156
115.447, 1044156
115.519, 1044156
115.609, 1044156
115.686, 1044156
115.763, 1044156
115.842, 1044156
115.918, 1044156
115.99, 1044156
116.065, 1044156
116.143, 1044156
116.218, 1044156
116.292, 1044156
116.364, 1044156
116.436, 1044156
116.508, 1044156
116.58, 1044156
116.653, 1044156
116.726, 1044156
116.799, 1044156
116.87, 1044156
116.942, 1044156
117.013, 1044420
117.086, 1044420
117.157, 1044420
117.231, 1044420
117.304, 1044420
117.377, 1044420
117.451, 1044420
117.524, 1044420
117.597, 1044420
117.672, 1044420
117.746, 1044420
117.82, 1044420
117.893, 1044420
117.966, 1044420
118.038, 1044420
118.111, 1044420
118.185, 1044420
118.258, 1044420
118.33, 1044420
118.405, 1044420
118.478, 1044420
118.552, 1044420
118.627, 1044420
118.706, 1044420
118.782, 1044420
118.858, 1044420
118.933, 1044420
119.007, 1044420
119.083, 1044420
119.159, 1044420
119.238, 1044420
119.312, 1044420
119.387, 1044420
119.461, 1044420
119.536, 1044420
119.616, 1044420
119.693, 1044420
119.772, 1044420
119.85, 1044420
119.929, 1044420
120.007, 1044420
120.086, 1044420
120.168, 1044420
120.243, 1044420
120.322, 1044420
120.397, 1044684
120.472, 1044684
120.547, 1044684
120.625, 1044684
120.705, 1044684
120.782, 1044684
120.857, 1044684
120.934, 1044948
121.009, 1044948
121.083, 1044948
121.159, 1044948
121.235, 1044948
121.309, 1044948
121.388, 1044948
121.467, 1044948
121.546, 1044948
121.626, 1044948
121.708, 1044948
121.788, 1044948
121.865, 1044948
121.942, 1044948
122.016, 1044948
122.091, 1044948
122.166, 1044948
122.241, 1044948
122.316, 1044948
122.391, 1044948
122.466, 1044948
122.545, 1044948
122.63, 1044948
122.708, 1044948
122.788, 1044948
122.865, 1044948
122.939, 1044948
123.015, 1044948
123.089, 1044948
123.166, 1044948
123.243, 1044948
123.319, 1044948
123.393, 1044948
123.466, 1044948
123.539, 1044948
123.611, 1044948
123.693, 1044948
123.776, 1044948
123.849, 1044948
123.92, 1044948
123.992, 1044948
124.079, 1044948
124.151, 1044948
124.222, 1044948
124.293, 1044948
124.369, 1044948
124.444, 1044948
124.517, 1044948
124.591, 1044948
124.664, 1044948
124.737, 1044948
124.809, 1044948
124.881, 1044948
124.952, 1044948
125.027, 1044948
125.098, 1044948
125.172, 1044948
125.245, 1044948
125.317, 1044948
125.393, 1044948
125.468, 1044948
125.542, 1044948
125.614, 1044948
125.688, 1044948
125.761, 1044948
125.834, 1044948
125.911, 1044948
125.988, 1044948
126.062, 1044948
126.137, 1044948
126.212, 1044948
126.286, 1044948
126.366, 1044948
126.443, 1044948
126.517, 1044948
126.588, 1044948
126.663, 1044948
126.735, 1044948
126.811, 1044948
126.883, 1044948
126.955, 1044948
127.027, 1044948
127.099, 1044948
127.17, 1044948
127.244, 1044948
127.315, 1044948
127.39, 1045212
127.462, 1045212
127.534, 1045212
127.609, 1045212
127.683, 1045212
127.757, 1045212
127.832, 1045212
127.906, 1045212
127.98, 1045212
128.052, 1045212
128.125, 1045212
128.197, 1045212
128.268, 1045212
128.341, 1045212
128.414, 1045212
128.486, 1045212
128.559, 1045212
128.633, 1045212
128.709, 1045212
128.782, 1045212
128.855, 1045212
128.931, 1045212
129.005, 1045212
129.083, 1045212
129.158, 1045212
129.232, 1045212
129.303, 1045212
129.376, 1045212
129.451, 1045212
129.527, 1045212
129.603, 1045212
129.69, 1045212
129.768, 1045212
129.847, 1045212
129.925, 1045212
130.006, 1045212
130.086, 1045212
130.168, 1045212
130.247, 1045212
130.325, 1045212
130.405, 1045212
130.485, 1045212
130.565, 1045212
130.647, 1045212
130.729, 1045212
130.813, 1045212
130.901, 1045212
130.989, 1045212
131.077, 1045212
131.163, 1045212
131.25, 1045212
131.337, 1045212
131.426, 1045212
131.515, 1045212
131.601, 1045212
131.687, 1045212
131.773, 1045212
131.858, 1045212
131.942, 1045212
132.028, 1045212
132.119, 1045212
132.21, 1045212
132.3, 1045212
132.392, 1045212
132.494, 1045212
132.586, 1045212
132.679, 1045212
132.77, 1045212
132.877, 1045212
132.971, 1045212
133.066, 1045212
133.158, 1045476
133.249, 1045476
133.338, 1045476
133.427, 1045476
133.514, 1045476
133.601, 1045476
133.689, 1045476
133.778, 1045476
133.873, 1045476
133.96, 1045476
134.048, 1045476
134.139, 1045476
134.226, 1045476
134.311, 1045476
134.397, 1045476
134.484, 1045476
134.57, 1045476
134.658, 1045476
134.744, 1045476
134.83, 1045476
134.916, 1045476
135.002, 1045476
135.087, 1045476
135.172, 1045476
135.258, 1045476
135.34, 1045476
135.424, 1045476
135.507, 1045476
135.59, 1045476
135.677, 1045476
135.762, 1045476
135.848, 1045476
135.931, 1045476
136.015, 1045476
136.099, 1045476
136.188, 1045476
136.271, 1045476
136.354, 1045476
136.439, 1045476
136.524, 1045476
136.605, 1045476
136.689, 1045476
136.771, 1045476
136.853, 1045476
136.935, 1045476
137.015, 1045476
137.095, 1045476
137.175, 1045476
137.256, 1045476
137.334, 1045476
137.412, 1045476
137.489, 1045476
137.567, 1045476
137.646, 1045476
137.722, 1045476
137.798, 1045476
137.872, 1045476
137.946, 1045476
138.019, 1045476
138.093, 1045476
138.166, 1045476
138.24, 1045476
138.31, 1045476
138.381, 1045476
138.452, 1045476
138.523, 1045476
138.593, 1045476
138.665, 1045476
138.736, 1045476
138.806, 1045476
138.875, 1045476
138.945, 1045476
139.014, 1045476
139.083, 1045476
139.156, 1045476
139.224, 1045476
139.29, 1045476
139.355, 1045476
139.422, 1045476
139.487, 1045476
139.55, 1045476
139.614, 1045476
139.678, 1045476
139.74, 1045476
139.802, 1045476
139.865, 1045476
139.925, 1045476
139.984, 1045476
140.042, 1045476
140.102, 1045476
140.163, 1045476
140.223, 1045476
140.282, 1045476
140.343, 1045476
140.402, 1045476
140.461, 1045476
140.522, 1045476
140.581, 1045476
140.641, 1045476
140.701, 1045476
140.761, 1045476
140.82, 1045476
140.879, 1045476
140.938, 1045476
140.997, 1045476
141.055, 1045476
141.115, 1045476
141.174, 1045476
141.234, 1045476
141.292, 1045476
141.35, 1045476
141.409, 1045476
141.468, 1045476
141.526, 1045476
141.585, 1045476
141.644, 1045476
141.71, 1045476
141.768, 1045476
141.825, 1045476
141.882, 1045476
141.939, 1045476
141.995, 1045476
142.051, 1045476
142.107, 1045476
142.17, 1045476
142.227, 1045476
142.282, 1045476
142.34, 1045476
142.397, 1045476
142.454, 1045476
142.509, 1045476
142.566, 1045476
142.624, 1045476
142.692, 1045476
142.769, 1045476
142.851, 1045476
142.916, 1045476
142.974, 1045476
143.037, 1045476
143.095, 1045476
143.151, 1045476
143.208, 1045476
143.263, 1045476
143.318, 1045476
143.375, 1045476
143.43, 1045476
143.485, 1045476
143.541, 1045476
143.595, 1045476
143.657, 1045476
143.717, 1045476
143.774, 1045476
143.829, 1045476
143.883, 1045476
143.94, 1045476
143.997, 1045476
144.053, 1045476
144.109, 1045476
144.169, 1045476
144.225, 1045476
144.281, 1045476
144.338, 1045476
144.395, 1045476
144.453, 1045476
144.51, 1045476
144.567, 1045476
144.626, 1045476
144.687, 1045476
144.747, 1045476
144.806, 1045476
144.864, 1045476
144.92, 1045476
144.978, 1045476
145.036, 1045476
145.094, 1045476
145.154, 1045476
145.212, 1045476
145.269, 1045476
145.327, 1045476
145.385, 1045476
145.443, 1045476
145.503, 1045476
145.562, 1045476
145.621, 1045476
145.681, 1045476
145.74, 1045476
145.798, 1045476
145.858, 1045476
145.916, 1045476
145.974, 1045476
146.034, 1045476
146.093, 1045476
146.155, 1045476
146.214, 1045476
146.272, 1045476
146.329, 1045476
146.388, 1045476
146.445, 1045476
146.503, 1045476
146.563, 1045476
146.62, 1045476
146.679, 1045476
146.737, 1045476
146.794, 1045476
146.851, 1045476
146.91, 1045476
146.97, 1045476
147.029, 1045476
147.088, 1045476
147.148, 1045476
147.212, 1045476
147.279, 1045476
147.348, 1045476
147.417, 1045476
147.487, 1045476
147.559, 1045476
147.632, 1045476
147.711, 1045476
147.785, 1045476
147.859, 1045476
147.932, 1045476
148.006, 1045476
148.08, 1045476
148.16, 1045476
148.235, 1045476
148.312, 1045476
148.389, 1045476
148.467, 1045476
148.544, 1045476
148.625, 1045476
148.707, 1045476
148.79, 1045476
148.875, 1045476
148.959, 1045476
149.044, 1045476
149.133, 1045476
149.221, 1045476
149.309, 1045476
149.397, 1045476
149.483, 1045476
149.568, 1045476
149.654, 1045476
149.742, 1045476
149.829, 1045740
149.916, 1045740
150.005, 1045740
150.093, 1045740
150.184, 1045740
150.274, 1045740
150.363, 1045740
150.451, 1045740
150.536, 1045740
150.619, 1045740
150.702, 1045740
150.781, 1045740
150.858, 1045740
150.933, 1045740
151.009, 1045740
151.085, 1045740
151.168, 1045740
151.248, 1045740
151.33, 1045740
151.413, 1045740
151.5, 1045740
151.584, 1045740
151.667, 1045740
151.75, 1045740
151.833, 1045740
151.915, 1045740
151.997, 1045740
152.077, 1045740
152.159, 1045740
152.239, 1045740
152.319, 1045740
152.4, 1045740
152.482, 1046004
152.564, 1046004
152.647, 1046004
152.731, 1046004
152.812, 1046004
152.892, 1046004
152.971, 1046004
153.049, 1046004
153.13, 1046004
153.21, 1046004
153.292, 1046004
153.373, 1046004
153.458, 1046004
153.543, 1046004
153.626, 1046004
153.711, 1046004
153.794, 1046004
153.876, 1046004
153.955, 1046004
154.035, 1046004
154.117, 1046004
154.2, 1046004
154.284, 1046004
154.369, 1046004
154.452, 1046004
154.533, 1046004
154.615, 1046004
154.696, 1046004
154.778, 1046004
154.861, 1046004
154.944, 1046004
155.025, 1046004
155.105, 1046004
155.186, 1046004
155.264, 1046004
155.342, 1046004
155.42, 1046004
155.499, 1046004
155.577, 1046004
155.657, 1046004
155.736, 1046268
155.814, 1046268
155.89, 1046268
155.967, 1046268
156.042, 1046268
156.117, 1046268
156.2, 1046268
156.276, 1046268
156.351, 1046268
156.427, 1046268
156.502, 1046268
156.576, 1046268
156.651, 1046268
156.726, 1046268
156.8, 1046268
156.874, 1046268
156.945, 1046268
157.015, 1046268
157.087, 1046268
157.157, 1046268
157.227, 1046268
157.294, 1046268
157.36, 1046268
157.427, 1046268
157.493, 1046268
157.558, 1046268
157.623, 1046268
157.687, 1046268
157.752, 1046268
157.815, 1046268
157.877, 1046268
157.94, 1046268
158.005, 1046268
158.066, 1046268
158.129, 1046268
158.191, 1046268
158.254, 1046268
158.316, 1046268
158.379, 1046268
158.441, 1046268
158.504, 1046268
158.565, 1046268
158.628, 1046268
158.691, 1046268
158.755, 1046268
158.817, 1046268
158.879, 1046268
158.94, 1046268
159.001, 1046268
159.063, 1046268
159.124, 1046268
159.185, 1046268
159.246, 1046268
159.305, 1046268
159.365, 1046268
159.425, 1046268
159.484, 1046268
159.542, 1046268
159.6, 1046268
159.659, 1046268
159.717, 1046268
159.774, 1046268
159.831, 1046268
159.886, 1046268
159.942, 1046268
159.997, 1046268
160.053, 1046268
160.107, 1046268
160.161, 1046268
160.215, 1046268
160.269, 1046268
160.323, 1046268
160.375, 1046268
160.429, 1046268
160.482, 1046268
160.536, 1046268
160.59, 1046268
160.643, 1046268
160.697, 1046268
160.75, 1046268
160.804, 1046268
160.855, 1046268
160.908, 1046268
160.96, 1046268
161.013, 1046268
161.065, 1046268
161.117, 1046268
161.171, 1046268
161.224, 1046268
161.277, 1046268
161.33, 1046268
161.383, 1046268
161.436, 1046268
161.49, 1046268
161.542, 1046268
161.595, 1046268
161.649, 1046268
161.704, 1046268
161.757, 1046268
161.811, 1046268
161.864, 1046268
161.916, 1046268
161.969, 1046268
162.023, 1046268
162.075, 1046268
162.128, 1046268
162.179, 1046268
162.232, 1046268
162.283, 1046268
162.335, 1046268
162.388, 1046268
162.439, 1046268
162.492, 1046268
162.544, 1046268
162.596, 1046268
162.648, 1046268
162.701, 1046268
162.754, 1046268
162.806, 1046268
162.856, 1046268
162.906, 1046268
162.957, 1046268
163.009, 1046268
163.06, 1046268
163.111, 1046268
163.162, 1046268
163.213, 1046268
163.263, 1046268
163.314, 1046268
163.365, 1046268
163.416, 1046268
163.466, 1046268
163.517, 1046268
163.567, 1046268
163.618, 1046268
163.67, 1046268
163.723, 1046268
163.778, 1046268
163.832, 1046268
163.888, 1046268
163.941, 1046268
163.996, 1046268
164.05, 1046268
164.106, 1046268
164.16, 1046268
164.215, 1046268
164.269, 1046268
164.324, 1046268
164.378, 1046268
164.433, 1046268
164.487, 1046268
164.542, 1046268
164.597, 1046268
164.654, 1046268
164.713, 1046268
164.774, 1046268
164.834, 1046268
164.896, 1046268
164.958, 1046268
165.02, 1046268
165.085, 1046268
165.15, 1046268
165.216, 1046268
165.284, 1046268
165.354, 1046268
165.427, 1046268
165.5, 1046268
165.573, 1046268
165.647, 1046268
165.723, 1046268
165.798, 1046268
165.874, 1046268
165.95, 1046268
166.026, 1046268
166.101, 1046268
166.177, 1046268
166.252, 1046268
166.328, 1046268
166.405, 1046268
166.481, 1046268
166.559, 1046268
166.638, 1046268
166.718, 1046268
166.798, 1046268
166.878, 1046532
166.959, 1046532
167.038, 1046532
167.117, 1046532
167.204, 1046532
167.285, 1046532
167.365, 1046532
167.444, 1046532
167.523, 1046532
167.599, 1046532
167.677, 1046532
167.758, 1046532
167.838, 1046532
167.915, 1046796
167.994, 1046796
168.072, 1046796
168.15, 1046796
168.228, 1046796
168.304, 1046796
168.381, 1046796
168.459, 1046796
168.534, 1046796
168.609, 1046796
168.685, 1046796
168.759, 1046796
168.83, 1046796
168.901, 1046796
168.968, 1046796
169.035, 1046796
169.099, 1046796
169.163, 1046796
169.225, 1046796
169.289, 1046796
169.354, 1046796
169.42, 1046796
169.484, 1046796
169.546, 1046796
169.607, 1046796
169.668, 1046796
169.73, 1046796
169.792, 1046796
169.854, 1046796
169.916, 1046796
169.978, 1046796
170.039, 1046796
170.102, 1046796
170.165, 1046796
170.227, 1046796
170.289, 1046796
170.351, 1046796
170.413, 1046796
170.477, 1046796
170.54, 1046796
170.605, 1046796
170.671, 1046796
170.737, 1046796
170.801, 1046796
170.864, 1046796
170.925, 1046796
170.987, 1046796
171.05, 1046796
171.114, 1046796
171.185, 1046796
171.248, 1046796
171.308, 1046796
171.371, 1046796
171.433, 1046796
171.494, 1046796
171.556, 1046796
171.618, 1046796
171.683, 1046796
171.748, 1046796
171.811, 1046796
171.874, 1046796
171.937, 1046796
172.001, 1046796
172.063, 1046796
172.127, 1046796
172.196, 1046796
