1.66988, 1000908
1.67311, 1000908
1.67665, 1001464
1.68001, 1001464
1.68337, 1001464
1.68678, 1001464
1.69019, 1001464
1.69387, 1001464
1.6978, 1001728
1.70168, 1001728
1.70633, 1001728
1.7102, 1001728
1.714, 1001728
1.71792, 1001992
1.72189, 1001992
1.72623, 1001992
1.73072, 1001992
1.73528, 1001992
1.73978, 1001992
1.74434, 1001992
1.74888, 1001992
1.7535, 1001992
1.75852, 1002256
1.76369, 1002256
1.76889, 1002256
1.77403, 1002256
1.7793, 1002256
1.7854, 1002256
1.79045, 1002520
1.79587, 1002520
1.80123, 1002520
1.80648, 1002520
1.81162, 1002520
1.81682, 1002520
1.82224, 1002520
1.82806, 1002520
1.83391, 1002784
1.83963, 1002784
1.84523, 1002784
1.85091, 1002784
1.85705, 1002784
1.86329, 1002784
1.8694, 1002784
1.87537, 1002784
1.88135, 1002784
1.88782, 1003048
1.89435, 1003048
1.90082, 1003048
1.90716, 1003048
1.91344, 1003048
1.92011, 1003048
1.92683, 1003048
1.93353, 1003048
1.94024, 1003048
1.94684, 1003048
1.95416, 1003048
1.96126, 1003048
1.96836, 1003048
1.97534, 1003312
1.9827, 1003312
1.99015, 1003312
1.99746, 1003312
2.00502, 1003312
2.01262, 1003312
2.02045, 1003312
2.02787, 1003312
2.03547, 1003312
2.04346, 1003312
2.05203, 1003312
2.06037, 1003312
2.06914, 1003312
2.07726, 1003576
2.0858, 1003576
2.09577, 1003576
2.10285, 1004104
2.11313, 1004104
2.12251, 1004104
2.13216, 1004104
2.13955, 1004104
2.14798, 1004104
2.15617, 1004104
2.1633, 1004104
2.17026, 1004104
2.17872, 1004104
2.18713, 1004104
2.19429, 1004104
2.20126, 1004104
2.20957, 1004104
2.2178, 1004104
2.22512, 1004104
2.23205, 1004104
2.24039, 1004104
2.24877, 1004104
2.25646, 1004104
2.26361, 1004104
2.27162, 1004104
2.27956, 1004104
2.28723, 1004104
2.29442, 1004104
2.30209, 1004104
2.31, 1004104
2.31767, 1004104
2.32489, 1004104
2.33242, 1004104
2.34061, 1004104
2.3483, 1004104
2.35624, 1004104
2.36409, 1004104
2.37221, 1004104
2.37985, 1004104
2.38768, 1004104
2.39542, 1004104
2.40372, 1004104
2.41155, 1004104
2.41903, 1004104
2.42679, 1004104
2.43518, 1004104
2.4432, 1004104
2.45089, 1004104
2.45867, 1004104
2.46705, 1004104
2.47502, 1004104
2.4825, 1004104
2.49039, 1004368
2.49871, 1004368
2.50676, 1004368
2.51429, 1004368
2.52218, 1004368
2.53038, 1004368
2.53866, 1004368
2.54624, 1004368
2.55415, 1004368
2.56215, 1004368
2.57007, 1004368
2.57721, 1004368
2.58485, 1004368
2.59245, 1004368
2.60012, 1004368
2.60759, 1004368
2.6154, 1004368
2.62354, 1004368
2.63132, 1004368
2.63939, 1004368
2.6475, 1004368
2.65593, 1004368
2.66388, 1004368
2.67193, 1004368
2.68029, 1004368
2.68863, 1004368
2.69677, 1004368
2.70438, 1004368
2.71283, 1004368
2.72154, 1004368
2.72966, 1004368
2.73758, 1004368
2.74683, 1004368
2.756, 1004368
2.76441, 1004368
2.77296, 1004368
2.78237, 1004368
2.79125, 1004368
2.79975, 1004368
2.80958, 1004368
2.81928, 1004368
2.82842, 1004368
2.83823, 1004368
2.84877, 1004368
2.85866, 1004632
2.86838, 1004632
2.87904, 1004632
2.88959, 1004632
2.89997, 1004632
2.91115, 1004632
2.92185, 1004896
2.93311, 1004896
2.94457, 1004896
2.95546, 1004896
2.96685, 1004896
2.97792, 1004896
2.98853, 1004896
3.00036, 1004896
3.01235, 1004896
3.0237, 1005160
3.03685, 1005160
3.0513, 1005160
3.06807, 1005160
3.08111, 1005160
3.09465, 1005160
3.10875, 1005160
3.12104, 1005160
3.13521, 1005160
3.14739, 1005424
3.16112, 1005424
3.17559, 1005424
3.1955, 1005424
3.21115, 1005424
3.22551, 1005424
3.24627, 1006480
3.26159, 1006480
3.27558, 1006480
3.29091, 1006480
3.3071, 1006480
3.32414, 1006480
3.33871, 1006480
3.35391, 1006480
3.36836, 1006480
3.38306, 1006480
3.3965, 1006480
3.41177, 1006480
3.42632, 1006480
3.43919, 1006480
3.45436, 1006480
3.4678, 1006480
3.48222, 1006480
3.49656, 1006480
3.5106, 1006480
3.52505, 1006480
3.53894, 1006744
3.5538, 1006744
3.56705, 1006744
3.58195, 1006744
3.59605, 1006744
3.61119, 1006744
3.62533, 1006744
3.64033, 1006744
3.65477, 1006744
3.66974, 1006744
3.68484, 1006744
3.69934, 1006744
3.71464, 1006744
3.72884, 1006744
3.74413, 1006744
3.75809, 1006744
3.77374, 1006744
3.78793, 1006744
3.80385, 1007008
3.81785, 1007008
3.83365, 1007008
3.84833, 1007008
3.86411, 1007008
3.8795, 1007008
3.89506, 1007008
3.90989, 1007008
3.9253, 1007008
3.94014, 1007008
3.95631, 1007008
3.9713, 1007008
3.98678, 1007008
4.00171, 1007008
4.01704, 1007008
4.03239, 1007008
4.0484, 1007008
4.06476, 1007008
4.08078, 1007008
4.09707, 1007008
4.11321, 1007008
4.1293, 1007008
4.14551, 1007008
4.16121, 1007008
4.17728, 1007008
4.19265, 1007008
4.20853, 1007008
4.22384, 1007008
4.24063, 1007008
4.25587, 1007008
4.27264, 1007008
4.28762, 1007272
4.30401, 1007272
4.31902, 1007272
4.33512, 1007272
4.35028, 1007272
4.36631, 1007272
4.38198, 1007272
4.39809, 1007272
4.41397, 1007272
4.43046, 1007272
4.44669, 1007272
4.46312, 1007272
4.47942, 1007272
4.49567, 1007272
4.5114, 1007272
4.52793, 1007272
4.54338, 1007272
4.56041, 1007272
4.57606, 1007272
4.59323, 1007272
4.60909, 1007272
4.62576, 1007272
4.6418, 1007272
4.65885, 1007272
4.67542, 1007272
4.69191, 1007272
4.70854, 1007272
4.72482, 1007272
4.7415, 1007536
4.75778, 1007536
4.77471, 1007536
4.79072, 1007536
4.80793, 1007536
4.8237, 1007536
4.84208, 1007536
4.85878, 1007536
4.87692, 1007536
4.89371, 1007536
4.91126, 1007536
4.92834, 1007536
4.94566, 1007536
4.96286, 1007536
4.97991, 1007536
4.99716, 1007536
5.01466, 1007536
5.03224, 1007536
5.05138, 1007536
5.07072, 1007536
5.0895, 1007800
5.10728, 1007800
5.12668, 1007800
5.14476, 1007800
5.16369, 1007800
5.18235, 1007800
5.20106, 1007800
5.21922, 1007800
5.23637, 1007800
5.25612, 1007800
5.27458, 1007800
5.29317, 1007800
5.31136, 1007800
5.3292, 1007800
5.34794, 1007800
5.36688, 1007800
5.38542, 1007800
5.40422, 1007800
5.42259, 1007800
5.4413, 1007800
5.45885, 1007800
5.4782, 1007800
5.49691, 1007800
5.51637, 1007800
5.53523, 1008064
5.55336, 1008064
5.57301, 1008064
5.59194, 1008064
5.61116, 1008064
5.62977, 1008064
5.64826, 1008064
5.66771, 1008064
5.68714, 1008064
5.70634, 1008064
5.72556, 1008064
5.74363, 1008064
5.76388, 1008064
5.78343, 1008064
5.80324, 1008064
5.82338, 1008064
5.84248, 1008064
5.86237, 1008064
5.8819, 1008064
5.90179, 1008064
5.92208, 1008064
5.94156, 1008064
5.96064, 1008064
5.97975, 1008064
5.99906, 1008064
6.01851, 1008064
6.03826, 1008064
6.05791, 1008328
6.07913, 1008328
6.09985, 1008328
6.12054, 1008328
6.14206, 1008328
6.16285, 1008328
6.18335, 1008328
6.20515, 1008328
6.2258, 1008328
6.24661, 1008328
6.26891, 1008328
6.29101, 1008328
6.31176, 1008328
6.33302, 1008328
6.35393, 1008328
6.37459, 1008328
6.39629, 1008328
6.41745, 1008592
6.43847, 1008592
6.46059, 1008592
6.48188, 1008592
6.50375, 1008592
6.52595, 1008592
6.54773, 1008592
6.57013, 1008592
6.59219, 1008592
6.61386, 1008592
6.6363, 1008592
6.65838, 1008856
6.68117, 1008856
6.70323, 1008856
6.72478, 1008856
6.74771, 1008856
6.77034, 1008856
6.79271, 1008856
6.81543, 1008856
6.83825, 1008856
6.86088, 1008856
6.88295, 1008856
6.90629, 1008856
6.92872, 1008856
6.95166, 1008856
6.97457, 1008856
6.99765, 1008856
7.02028, 1008856
7.04281, 1008856
7.06699, 1009120
7.0909, 1009120
7.11437, 1009120
7.13846, 1009120
7.16208, 1009120
7.18537, 1009120
7.2098, 1009120
7.23271, 1009120
7.25642, 1009120
7.27982, 1009120
7.30268, 1009120
7.32591, 1009120
7.34901, 1009120
7.37245, 1009120
7.39509, 1009120
7.41821, 1009120
7.44184, 1009120
7.46511, 1009120
7.48864, 1009120
7.51172, 1009120
7.53459, 1009120
7.55861, 1009120
7.5812, 1009120
7.6047, 1009120
7.6288, 1009120
7.65256, 1009120
7.67651, 1009384
7.69994, 1009384
7.72351, 1009384
7.74674, 1009384
7.76989, 1009384
7.79418, 1009384
7.81753, 1009384
7.84163, 1009384
7.86438, 1009384
7.88799, 1009384
7.91164, 1009384
7.9346, 1009384
7.9581, 1009384
7.98176, 1009384
8.00521, 1009384
8.02805, 1009384
8.05155, 1009384
8.07672, 1009384
8.10113, 1009384
8.12637, 1009384
8.14993, 1009384
8.17434, 1009384
8.19855, 1009384
8.22221, 1009384
8.24716, 1009384
8.27202, 1009384
8.29637, 1009384
8.32034, 1009384
8.34366, 1009384
8.36754, 1009384
8.39131, 1009384
8.41511, 1009384
8.43885, 1009384
8.46254, 1009384
8.48615, 1009384
8.51045, 1009384
8.53398, 1009384
8.55794, 1009384
8.58211, 1009384
8.60632, 1009384
8.62998, 1009384
8.6539, 1009384
8.67835, 1009384
8.70209, 1009384
8.72633, 1009384
8.74988, 1009384
8.77423, 1009384
8.79789, 1009384
8.82215, 1009384
8.84638, 1009384
8.87064, 1009384
8.89503, 1009384
8.91899, 1009648
8.9436, 1009648
8.96856, 1009648
8.99295, 1009648
9.01694, 1009648
9.04169, 1009648
9.06656, 1009648
9.09254, 1009648
9.11739, 1009648
9.14346, 1009648
9.1681, 1009648
9.19267, 1009648
9.21755, 1009648
9.24309, 1009648
9.26975, 1009648
9.29643, 1009648
9.32155, 1009648
9.34653, 1009648
9.37128, 1009648
9.39638, 1009648
9.42063, 1009648
9.44528, 1009648
9.47019, 1009648
9.49498, 1009648
9.5195, 1009648
9.54472, 1009648
9.56981, 1009648
9.59477, 1009648
9.61939, 1009648
9.64451, 1009648
9.66921, 1009648
9.69442, 1009648
9.7187, 1009648
9.74442, 1009648
9.76885, 1009648
9.79406, 1009648
9.81971, 1009912
9.84502, 1009912
9.87045, 1009912
9.89582, 1009912
9.921, 1009912
9.94669, 1009912
9.97199, 1009912
9.99781, 1009912
10.0228, 1009912
10.0478, 1009912
10.0733, 1009912
10.0993, 1009912
10.1252, 1009912
10.1505, 1009912
10.1766, 1009912
10.2022, 1009912
10.2276, 1009912
10.2534, 1009912
10.2803, 1009912
10.3054, 1009912
10.3308, 1009912
10.3561, 1009912
10.3815, 1009912
10.407, 1009912
10.4325, 1009912
10.4582, 1009912
10.4839, 1009912
10.5094, 1009912
10.5347, 1009912
10.561, 1009912
10.5863, 1009912
10.6123, 1009912
10.6379, 1009912
10.6639, 1009912
10.6895, 1009912
10.7153, 1009912
10.7411, 1009912
10.7672, 1010176
10.7933, 1010176
10.8192, 1010176
10.846, 1010176
10.8715, 1010176
10.8977, 1010176
10.9265, 1010176
10.9534, 1010176
10.98, 1010176
11.0059, 1010176
11.0326, 1010176
11.0602, 1010176
11.0883, 1010176
11.1155, 1010176
11.1423, 1010176
11.1694, 1010176
11.1969, 1010176
11.2232, 1010176
11.2496, 1010176
11.2773, 1010176
11.304, 1010176
11.331, 1010176
11.3577, 1010176
11.3839, 1010176
11.4104, 1010176
11.4368, 1010176
11.4644, 1010176
11.491, 1010176
11.5172, 1010176
11.5438, 1010176
11.57, 1010176
11.5957, 1010176
11.6226, 1010176
11.6489, 1010176
11.676, 1010176
11.7023, 1010176
11.7293, 1010176
11.755, 1010176
11.7818, 1010176
11.8079, 1010176
11.834, 1010176
11.8597, 1010176
11.8859, 1010176
11.9118, 1010176
11.9379, 1010176
11.9647, 1010176
11.9911, 1010176
12.0173, 1010176
12.0432, 1010176
12.0697, 1010176
12.0972, 1010176
12.1243, 1010176
12.1508, 1010176
12.1777, 1010176
12.2038, 1010176
12.2308, 1010176
12.2583, 1010176
12.2874, 1010176
12.3151, 1010176
12.3419, 1010176
12.3686, 1010176
12.3963, 1010176
12.4224, 1010176
12.4491, 1010176
12.4754, 1010176
12.5015, 1010176
12.5278, 1010176
12.5536, 1010176
12.5803, 1010176
12.6064, 1010176
12.6338, 1010176
12.6603, 1010176
12.6866, 1010176
12.714, 1010176
12.7397, 1010176
12.7703, 1010176
12.7971, 1010176
12.8236, 1010176
12.8498, 1010176
12.8763, 1010176
12.9022, 1010176
12.929, 1010176
12.971, 1012288
12.9978, 1012288
13.0232, 1012288
13.0495, 1012288
13.0777, 1012288
13.1081, 1012288
13.1392, 1012288
13.1662, 1012288
13.1932, 1012288
13.2201, 1012288
13.2484, 1012288
13.275, 1012288
13.3018, 1012288
13.3288, 1012288
13.3553, 1012288
13.3824, 1012288
13.4088, 1012288
13.4353, 1012288
13.4622, 1012288
13.4893, 1012288
13.5159, 1012288
13.5423, 1012288
13.5686, 1012288
13.5953, 1012288
13.6211, 1012288
13.6473, 1012288
13.6741, 1012288
13.701, 1012288
13.7278, 1012288
13.7541, 1012288
13.7817, 1012288
13.8086, 1012288
13.8358, 1012288
13.8627, 1012288
13.8892, 1012288
13.9167, 1012288
13.9437, 1012288
13.9711, 1012288
13.9984, 1012288
14.0256, 1012288
14.0528, 1012288
14.0808, 1012288
14.1091, 1012288
14.1369, 1012288
14.1657, 1012288
14.1934, 1012288
14.2207, 1012288
14.2488, 1012288
14.2766, 1012288
14.3041, 1012288
14.3319, 1012288
14.3595, 1012288
14.3871, 1012288
14.4157, 1012288
14.4434, 1012288
14.4712, 1012288
14.4993, 1012288
14.527, 1012288
14.5549, 1012288
14.5828, 1012288
14.6103, 1012288
14.6379, 1012288
14.6662, 1012288
14.6943, 1012288
14.7224, 1012288
14.7505, 1012288
14.7785, 1012288
14.8057, 1012288
14.8345, 1012288
14.8618, 1012288
14.8896, 1012288
14.918, 1012288
14.9454, 1012288
14.9735, 1012288
15.0011, 1012288
15.0289, 1012288
15.0559, 1012288
15.0852, 1012288
15.114, 1012288
15.1426, 1012288
15.1712, 1012288
15.1994, 1012288
15.2277, 1012552
15.2566, 1012552
15.2858, 1012552
15.3152, 1012552
15.3447, 1012552
15.3722, 1012552
15.4011, 1012552
15.4287, 1012552
15.4568, 1012552
15.485, 1012552
15.513, 1012552
15.5408, 1012552
15.5685, 1012552
15.5969, 1012552
15.6241, 1012552
15.6523, 1012552
15.68, 1012552
15.7072, 1012552
15.7345, 1012552
15.7625, 1012552
15.7906, 1012552
15.8184, 1012552
15.8461, 1012552
15.8736, 1012552
15.9019, 1012552
15.9294, 1012552
15.957, 1012552
15.9853, 1012552
16.0129, 1012552
16.0408, 1012552
16.0711, 1012552
16.1022, 1012552
16.1423, 1012552
16.1767, 1012552
16.2043, 1012552
16.2333, 1012552
16.2624, 1012552
16.2909, 1012552
16.32, 1012552
16.3485, 1012552
16.377, 1012552
16.4055, 1012552
16.4344, 1012552
16.4619, 1012552
16.4896, 1012552
16.5179, 1012552
16.5459, 1012552
16.5736, 1012552
16.6019, 1012552
16.6298, 1012552
16.6572, 1012552
16.6859, 1012552
16.7131, 1012552
16.7408, 1012552
16.7691, 1012552
16.7977, 1012552
16.8254, 1012552
16.853, 1012552
16.881, 1012552
16.9082, 1012552
16.9365, 1012552
16.9648, 1012552
16.9924, 1012552
17.0202, 1012552
17.0479, 1012552
17.0757, 1012552
17.1055, 1012552
17.1339, 1012552
17.1617, 1012552
17.19, 1012552
17.2188, 1012552
17.2466, 1012552
17.2751, 1012552
17.3037, 1012552
17.3316, 1012552
17.3589, 1012552
17.3871, 1012552
17.4151, 1012552
17.4429, 1012552
17.4709, 1012552
17.4993, 1012552
17.527, 1012552
17.5548, 1012552
17.5827, 1012552
17.61, 1012552
17.6376, 1012552
17.6653, 1012552
17.6929, 1012552
17.7209, 1012552
17.7482, 1012552
17.7757, 1012552
17.8037, 1012552
17.8318, 1012552
17.8592, 1012552
17.8878, 1012552
17.9154, 1012552
17.9427, 1012552
17.9706, 1012552
17.9983, 1012552
18.026, 1012552
18.0542, 1012552
18.0836, 1012552
18.1127, 1012552
18.141, 1012552
18.1703, 1012552
18.1986, 1012552
18.2266, 1012552
18.2551, 1012552
18.2848, 1012552
18.315, 1012552
18.3436, 1012552
18.3723, 1012552
18.4008, 1012552
18.4289, 1012552
18.4567, 1012552
18.4857, 1012552
18.5132, 1012552
18.5409, 1012552
18.5685, 1012552
18.5965, 1012552
18.6242, 1012552
18.6522, 1012552
18.6805, 1012552
18.7079, 1012552
18.7367, 1012552
18.764, 1012552
18.7921, 1012552
18.8204, 1012552
18.8482, 1012552
18.8758, 1012552
18.9039, 1012552
18.9319, 1012552
18.9594, 1012552
18.988, 1012552
19.0153, 1012552
19.0429, 1012552
19.0714, 1012552
19.1012, 1012552
19.1299, 1012552
19.1583, 1012552
19.1866, 1012552
19.2149, 1012552
19.2429, 1012552
19.2721, 1012552
19.3009, 1012552
19.3288, 1012552
19.3567, 1012552
19.385, 1012552
19.4127, 1012552
19.4411, 1012552
19.4695, 1012552
19.4976, 1012552
19.5252, 1012552
19.554, 1012552
19.5817, 1012552
19.61, 1012552
19.6382, 1012552
19.6662, 1012552
19.6938, 1012552
19.7228, 1012552
19.7507, 1012552
19.7781, 1012552
19.8067, 1012552
19.8352, 1012552
19.8629, 1012552
19.891, 1012552
19.9191, 1012552
19.9469, 1012552
19.9746, 1012552
20.0035, 1012552
20.0315, 1012552
20.0597, 1012552
20.0895, 1012552
20.119, 1012552
20.1476, 1012552
20.1762, 1012552
20.2056, 1012552
20.2338, 1012552
20.2618, 1012552
20.2909, 1012552
20.3193, 1012552
20.347, 1012552
20.375, 1012552
20.4038, 1012552
20.4316, 1012552
20.4597, 1012552
20.4878, 1012552
20.5159, 1012552
20.5431, 1012552
20.5718, 1012552
20.5998, 1012552
20.6278, 1012552
20.656, 1012552
20.6837, 1012552
20.7117, 1012552
20.7396, 1012552
20.7677, 1012552
20.7954, 1012552
20.8248, 1012552
20.8634, 1012552
20.8972, 1012552
20.9295, 1012552
20.96, 1012552
20.991, 1012552
21.0271, 1012552
21.0677, 1012552
21.106, 1012552
21.152, 1012552
21.1952, 1012552
21.2388, 1012552
21.2737, 1012552
21.3066, 1012552
21.3388, 1012552
21.3678, 1012552
21.3966, 1012552
21.4259, 1012552
21.4558, 1012552
21.484, 1012552
21.512, 1012552
21.5404, 1012552
21.5686, 1012552
21.5967, 1012552
21.6248, 1012552
21.653, 1012552
21.681, 1012552
21.7088, 1012552
21.7374, 1012552
21.7652, 1012552
21.7931, 1012552
21.8216, 1012552
21.8498, 1012552
21.8778, 1012552
21.9062, 1012552
21.9345, 1012552
21.9621, 1012552
21.991, 1012552
22.0189, 1012552
22.0469, 1012552
22.0752, 1012552
22.1048, 1012552
22.1336, 1012552
22.1623, 1012552
22.1909, 1012552
22.2199, 1012552
22.2486, 1012816
22.2771, 1012816
22.3063, 1012816
22.3343, 1012816
22.3623, 1012816
22.3905, 1012816
22.4187, 1012816
22.4471, 1012816
22.4753, 1012816
22.5033, 1012816
22.5312, 1012816
22.5591, 1012816
22.5877, 1012816
22.6154, 1012816
22.6442, 1012816
22.6735, 1012816
22.7021, 1012816
22.73, 1012816
22.7581, 1012816
22.7862, 1012816
22.814, 1012816
22.842, 1012816
22.8701, 1012816
22.898, 1012816
22.9266, 1012816
22.9552, 1012816
22.9833, 1012816
23.0118, 1012816
23.0401, 1012816
23.0696, 1012816
23.1002, 1012816
23.1301, 1012816
23.1602, 1012816
23.1906, 1012816
23.2198, 1012816
23.2498, 1012816
23.2791, 1012816
23.3079, 1012816
23.337, 1012816
23.3661, 1012816
23.3947, 1012816
23.4239, 1012816
23.4529, 1012816
23.4813, 1012816
23.5102, 1012816
23.5398, 1012816
23.5689, 1012816
23.5976, 1012816
23.6264, 1012816
23.6555, 1012816
23.6839, 1012816
23.7124, 1012816
23.7408, 1012816
23.769, 1012816
23.7969, 1012816
23.8261, 1012816
23.8545, 1012816
23.8827, 1012816
23.9112, 1012816
23.9407, 1012816
23.9692, 1012816
23.9978, 1012816
24.0265, 1012816
24.0555, 1012816
24.0849, 1012816
24.1144, 1012816
24.1435, 1012816
24.1721, 1012816
24.2006, 1012816
24.2287, 1012816
24.2587, 1012816
24.2879, 1012816
24.3172, 1012816
24.3466, 1012816
24.3781, 1012816
24.4071, 1012816
24.4359, 1012816
24.4646, 1012816
24.4929, 1012816
24.5218, 1012816
24.5504, 1012816
24.5785, 1012816
24.6081, 1012816
24.6363, 1012816
24.6643, 1012816
24.6927, 1012816
24.7212, 1012816
24.7495, 1012816
24.7776, 1012816
24.8065, 1012816
24.8352, 1012816
24.8633, 1012816
24.8926, 1012816
24.9208, 1012816
24.9492, 1012816
24.9778, 1012816
25.0062, 1012816
25.0346, 1012816
25.0631, 1012816
25.0934, 1012816
25.123, 1012816
25.1524, 1012816
25.1809, 1012816
25.2107, 1012816
25.24, 1012816
25.2691, 1012816
25.2988, 1012816
25.3287, 1012816
25.358, 1012816
25.3867, 1012816
25.4155, 1012816
25.4448, 1012816
25.4736, 1012816
25.5027, 1012816
25.5307, 1012816
25.5609, 1012816
25.5899, 1012816
25.6188, 1012816
25.6501, 1012816
25.68, 1012816
25.7103, 1012816
25.7395, 1012816
25.7687, 1012816
25.7981, 1012816
25.8278, 1012816
25.8574, 1012816
25.8866, 1012816
25.9162, 1012816
25.9453, 1012816
25.9745, 1012816
26.0035, 1012816
26.0316, 1012816
26.0613, 1012816
26.0919, 1012816
26.1221, 1012816
26.1518, 1012816
26.1817, 1012816
26.2117, 1012816
26.2413, 1012816
26.2707, 1012816
26.2997, 1012816
26.3287, 1012816
26.358, 1012816
26.3866, 1012816
26.4155, 1012816
26.4445, 1012816
26.4733, 1012816
26.5024, 1012816
26.5307, 1012816
26.5605, 1012816
26.5891, 1012816
26.6173, 1012816
26.6495, 1012816
26.6802, 1012816
26.7109, 1012816
26.7412, 1012816
26.771, 1012816
26.8006, 1012816
26.8298, 1012816
26.8591, 1012816
26.8883, 1012816
26.9167, 1012816
26.9465, 1012816
26.9754, 1012816
27.0045, 1012816
27.0332, 1012816
27.0624, 1012816
27.093, 1012816
27.1228, 1012816
27.1523, 1012816
27.1817, 1012816
27.2115, 1012816
27.2407, 1012816
27.2708, 1012816
27.3017, 1012816
27.3317, 1012816
27.3612, 1012816
27.3904, 1012816
27.4195, 1012816
27.4486, 1012816
27.4786, 1012816
27.5088, 1012816
27.538, 1012816
27.5673, 1012816
27.5973, 1012816
27.6279, 1012816
27.6606, 1012816
27.6903, 1012816
27.7199, 1012816
27.7494, 1012816
27.7788, 1012816
27.8086, 1012816
27.8383, 1012816
27.868, 1012816
27.8974, 1012816
27.927, 1012816
27.9567, 1012816
27.9861, 1012816
28.0149, 1012816
28.0458, 1012816
28.0761, 1012816
28.107, 1012816
28.1374, 1013080
28.1673, 1013080
28.2057, 1013080
28.2443, 1013080
28.2808, 1013080
28.3202, 1013080
28.3616, 1013080
28.4008, 1013080
28.4402, 1013080
28.4684, 1013080
28.4992, 1013080
28.5289, 1013080
28.5589, 1013080
28.5883, 1013080
28.6176, 1013080
28.6468, 1013080
28.6761, 1013080
28.7056, 1013080
28.7344, 1013080
28.7685, 1013080
28.7976, 1013080
28.8274, 1013080
28.8556, 1013080
28.8846, 1013080
28.9138, 1013080
28.9422, 1013080
28.9717, 1013080
29.0004, 1013080
29.0291, 1013080
29.0577, 1013080
29.087, 1013080
29.1159, 1013080
29.1463, 1013080
29.175, 1013080
29.2034, 1013080
29.2327, 1013080
29.2627, 1013080
29.2911, 1013080
29.3199, 1013080
29.3483, 1013080
29.3773, 1013080
29.4059, 1013080
29.434, 1013080
29.4623, 1013080
29.4904, 1013080
29.5184, 1013080
29.5471, 1013080
29.575, 1013080
29.6033, 1013080
29.6312, 1013080
29.6593, 1013080
29.6873, 1013080
29.7151, 1013080
29.7436, 1013080
29.772, 1013080
29.801, 1013080
29.8296, 1013080
29.8576, 1013080
29.8859, 1013080
29.9143, 1013080
29.9427, 1013080
29.9711, 1013080
29.9991, 1013080
30.0288, 1013080
30.0569, 1013080
30.0866, 1013080
30.1169, 1013080
30.1472, 1013080
30.1762, 1013080
30.2051, 1013080
30.2338, 1013080
30.2651, 1013080
30.3043, 1013080
30.3349, 1013080
30.3641, 1013080
30.3927, 1013080
30.4215, 1013080
30.4502, 1013080
30.4791, 1013080
30.5079, 1013080
30.5359, 1013080
30.5647, 1013080
30.5939, 1013080
30.6222, 1013080
30.6513, 1013080
30.6807, 1013080
30.7089, 1013080
30.7373, 1013080
30.7659, 1013080
30.7949, 1013080
30.8234, 1013080
30.8521, 1013080
30.8805, 1013080
30.9089, 1013080
30.9371, 1013080
30.966, 1013080
30.9948, 1013080
31.0228, 1013080
31.0513, 1013080
31.0814, 1013080
31.1122, 1013080
31.1419, 1013080
31.1713, 1013080
31.2004, 1013080
31.2298, 1013080
31.2595, 1013080
31.2886, 1013080
31.3178, 1013080
31.3479, 1013080
31.377, 1013080
31.406, 1013080
31.4358, 1013080
31.4647, 1013080
31.4934, 1013080
31.5222, 1013080
31.5509, 1013080
31.5801, 1013080
31.609, 1013080
31.6377, 1013080
31.6668, 1013080
31.6965, 1013080
31.7251, 1013080
31.7544, 1013080
31.7843, 1013080
31.8136, 1013080
31.8424, 1013080
31.8715, 1013080
31.9007, 1013080
31.9296, 1013080
31.9588, 1013080
31.9875, 1013080
32.0165, 1013080
32.0463, 1013080
32.0752, 1013080
32.1059, 1013080
32.1369, 1013080
32.1675, 1013080
32.1977, 1013080
32.2269, 1013080
32.2566, 1013080
32.2859, 1013080
32.3153, 1013080
32.3443, 1013080
32.3728, 1013080
32.4015, 1013080
32.4301, 1013080
32.4591, 1013080
32.4875, 1013080
32.5166, 1013080
32.5456, 1013080
32.5741, 1013080
32.6026, 1013080
32.6308, 1013080
32.6595, 1013080
32.6886, 1013080
32.7174, 1013080
32.7488, 1013080
32.7796, 1013080
32.8092, 1013080
32.8384, 1013080
32.8705, 1013080
32.9024, 1013080
32.9485, 1013080
32.9837, 1013080
33.0164, 1013080
33.05, 1013080
33.0855, 1013080
33.1198, 1013080
33.1564, 1013080
33.1898, 1013080
33.2235, 1013080
33.2579, 1013080
33.2978, 1013080
33.3339, 1013080
33.3694, 1013080
33.4052, 1013080
33.4385, 1013080
33.4714, 1013080
33.5041, 1013080
33.5337, 1013080
33.5653, 1013080
33.5992, 1013080
33.6319, 1013080
33.6645, 1013080
33.6968, 1013080
33.729, 1013080
33.7607, 1013080
33.792, 1013080
33.823, 1013080
33.8543, 1013080
33.886, 1013080
33.9264, 1013080
33.9863, 1013080
34.035, 1013080
34.0724, 1013080
34.1073, 1013080
34.1412, 1013080
34.1734, 1013080
34.2049, 1013080
34.2347, 1013080
34.2651, 1013080
34.295, 1013080
34.3242, 1013080
34.3563, 1013080
34.3883, 1013080
34.4199, 1013080
34.45, 1013080
34.4796, 1013080
34.5105, 1013080
34.5423, 1013080
34.5717, 1013080
34.6021, 1013080
34.6332, 1013080
34.6637, 1013080
34.7065, 1013080
34.7475, 1013080
34.784, 1013080
34.8208, 1013080
34.855, 1013080
34.8884, 1013080
34.9234, 1013080
34.9627, 1013080
34.9994, 1013080
35.0352, 1013080
35.0734, 1013080
35.1111, 1013080
35.1529, 1013080
35.2049, 1013080
35.2395, 1013080
35.2771, 1013080
35.312, 1013080
35.3449, 1013080
35.3765, 1013080
35.4099, 1013080
35.4468, 1013080
35.4804, 1013080
35.5133, 1013080
35.5477, 1013080
35.5796, 1013080
35.6126, 1013080
35.6469, 1013080
35.684, 1013080
35.7301, 1013080
35.7765, 1013080
35.8191, 1013080
35.8628, 1013080
35.9048, 1013080
35.9489, 1013080
35.9948, 1013080
36.0374, 1013080
36.0925, 1013080
36.1363, 1013080
36.1749, 1013080
36.2078, 1013080
36.2393, 1013080
36.272, 1013080
36.305, 1013080
36.3378, 1013080
36.3846, 1013080
36.4207, 1013080
36.4544, 1013080
36.4888, 1013080
36.5217, 1013080
36.5529, 1013080
36.5834, 1013080
36.614, 1013080
36.6439, 1013080
36.6765, 1013080
36.7113, 1013080
36.7516, 1013080
36.8027, 1013080
36.8383, 1013080
36.8716, 1013080
36.9065, 1013080
36.941, 1013080
36.9732, 1013080
37.0058, 1013080
37.0461, 1013080
37.0901, 1013080
37.1299, 1013080
37.1631, 1013080
37.1954, 1013080
37.2277, 1013080
37.2603, 1013080
37.2917, 1013080
37.3283, 1013080
37.3671, 1013080
37.4082, 1013080
37.4438, 1013080
37.4785, 1013080
37.5109, 1013080
37.5439, 1013080
37.5738, 1013080
37.6102, 1013080
37.6559, 1013080
37.7004, 1013080
37.7336, 1013080
37.7652, 1013080
37.7976, 1013080
37.8283, 1013080
37.858, 1013080
37.8912, 1013080
37.9381, 1013080
37.9848, 1013080
38.021, 1013080
38.0548, 1013080
38.0881, 1013080
38.1209, 1013080
38.1516, 1013080
38.1821, 1013080
38.2124, 1013080
38.2494, 1013080
38.2895, 1013080
38.3306, 1013080
38.3619, 1013080
38.3937, 1013080
38.4235, 1013080
38.4541, 1013080
38.4839, 1013080
38.513, 1013080
38.5423, 1013080
38.5717, 1013080
38.6012, 1013080
38.6306, 1013080
38.6602, 1013080
38.6906, 1013080
38.7204, 1013080
38.7498, 1013080
38.7803, 1013080
38.8108, 1013080
38.8405, 1013080
38.8728, 1013080
38.9049, 1013344
38.9362, 1013344
38.968, 1013344
38.9988, 1013344
39.03, 1013344
39.0597, 1013344
39.0928, 1013344
39.1252, 1013344
39.1568, 1013344
39.1874, 1013344
39.22, 1013344
39.2611, 1013344
39.2985, 1013344
39.3375, 1013344
39.3723, 1013344
39.4085, 1013344
39.4411, 1013344
39.4715, 1013344
39.502, 1013344
39.532, 1013344
39.5615, 1013344
39.5943, 1013344
39.6336, 1013344
39.6853, 1013344
39.7229, 1013344
39.7582, 1013344
39.7905, 1013344
39.8234, 1013344
39.8549, 1013344
39.8866, 1013344
39.9181, 1013344
39.9484, 1013344
39.9786, 1013344
40.0118, 1013344
40.0486, 1013344
40.0883, 1013344
40.1381, 1013344
40.1728, 1013344
40.2064, 1013344
40.2399, 1013344
40.2738, 1013344
40.3062, 1013344
40.3376, 1013344
40.3681, 1013344
40.4003, 1013344
40.4318, 1013344
40.4616, 1013344
40.4922, 1013344
40.5237, 1013344
40.5555, 1013344
40.5864, 1013344
40.6173, 1013344
40.6481, 1013344
40.6791, 1013344
40.7112, 1013344
40.7421, 1013344
40.7738, 1013344
40.8059, 1013344
40.8371, 1013344
40.8678, 1013344
40.9003, 1013344
40.932, 1013344
40.9633, 1013344
40.9952, 1013344
41.0264, 1013344
41.0585, 1013344
41.0922, 1013344
41.136, 1013344
41.167, 1013344
41.198, 1013344
41.2282, 1013344
41.259, 1013344
41.2909, 1013344
41.3228, 1013344
41.3541, 1013344
41.3867, 1013344
41.4199, 1013344
41.4576, 1013344
41.4901, 1013344
41.5227, 1013344
41.557, 1013344
41.5958, 1013344
41.6358, 1013344
41.6745, 1013344
41.7191, 1013344
41.7635, 1013344
41.8052, 1013344
41.8462, 1013344
41.8851, 1013344
41.9247, 1013344
41.9651, 1013344
42.0028, 1013344
42.039, 1013344
42.0786, 1013344
42.1161, 1013344
42.1556, 1013344
42.1967, 1013344
42.2373, 1013344
42.2806, 1013344
42.3168, 1013344
42.3538, 1013344
42.39, 1013344
42.4266, 1013344
42.4602, 1013344
42.4959, 1013344
42.5315, 1013344
42.5674, 1013344
42.6024, 1013344
42.638, 1013344
42.6713, 1013344
42.7058, 1013344
42.7383, 1013344
42.7695, 1013344
42.801, 1013344
42.8324, 1013344
42.8634, 1013344
42.8972, 1013344
42.9303, 1013344
42.9619, 1013344
42.993, 1013344
43.0239, 1013344
43.0549, 1013344
43.0887, 1013344
43.1308, 1013344
43.162, 1013344
43.1946, 1013344
43.2277, 1013344
43.2609, 1013344
43.2934, 1013344
43.3259, 1013344
43.3587, 1013344
43.3926, 1013344
43.4267, 1013344
43.4593, 1013344
43.4936, 1013344
43.5271, 1013344
43.5598, 1013344
43.5907, 1013344
43.621, 1013344
43.6547, 1013344
43.6916, 1013344
43.7286, 1013344
43.7671, 1013344
43.8055, 1013344
43.8488, 1013344
43.8902, 1013344
43.9405, 1013344
43.9885, 1013344
44.035, 1013344
44.0677, 1013344
44.1022, 1013344
44.1361, 1013344
44.1725, 1013344
44.2107, 1013344
44.2436, 1013344
44.2744, 1013344
44.3051, 1013344
44.3355, 1013344
44.3655, 1013344
44.3949, 1013344
44.4263, 1013344
44.4563, 1013344
44.4863, 1013344
44.5166, 1013344
44.5503, 1013344
44.5836, 1013344
44.6207, 1013344
44.6612, 1013344
44.7036, 1013344
44.7433, 1013344
44.7871, 1013344
44.8291, 1013344
44.87, 1013344
44.9033, 1013344
44.9374, 1013344
44.9716, 1013344
45.0032, 1013344
45.0351, 1013344
45.0659, 1013344
45.0985, 1013344
45.1299, 1013344
45.1645, 1013344
45.1992, 1013344
45.2301, 1013344
45.2643, 1013344
45.3052, 1013344
45.3476, 1013344
45.3821, 1013344
45.4178, 1013344
45.4488, 1013344
45.4791, 1013344
45.5101, 1013344
45.5409, 1013344
45.572, 1013344
45.6059, 1013344
45.6398, 1013344
45.6719, 1013344
45.704, 1013344
45.7354, 1013344
45.7684, 1013344
45.8047, 1013344
45.837, 1013344
45.8688, 1013344
45.9004, 1013344
45.9338, 1013344
45.965, 1013344
45.9968, 1013344
46.0298, 1013344
46.0627, 1013344
46.0947, 1013344
46.127, 1013344
46.1592, 1013344
46.1915, 1013344
46.223, 1013344
46.2543, 1013344
46.2854, 1013344
46.3212, 1013344
46.3539, 1013344
46.385, 1013344
46.4187, 1013344
46.4509, 1013344
46.4823, 1013344
46.5151, 1013344
46.5473, 1013344
46.5792, 1013344
46.6116, 1013344
46.643, 1013344
46.6735, 1013344
46.705, 1013344
46.7369, 1013344
46.7693, 1013344
46.8062, 1013344
46.8399, 1013344
46.8715, 1013344
46.9034, 1013344
46.9348, 1013344
46.9662, 1013344
46.9973, 1013344
47.0286, 1013344
47.0605, 1013344
47.092, 1013344
47.129, 1013344
47.1626, 1013344
47.194, 1013344
47.226, 1013344
47.2586, 1013344
47.2906, 1013344
47.3225, 1013344
47.3537, 1013344
47.3849, 1013344
47.4182, 1013344
47.4524, 1013344
47.4845, 1013344
47.5174, 1013344
47.5495, 1013344
47.5816, 1013344
47.6155, 1013344
47.6509, 1013344
47.6815, 1013344
47.7172, 1013344
47.7531, 1013344
47.7841, 1013344
47.8147, 1013344
47.846, 1013344
47.8791, 1013344
47.9099, 1013344
47.9402, 1013344
47.9711, 1013344
48.0028, 1013344
48.0373, 1013344
48.0703, 1013344
48.1055, 1013344
48.1414, 1013344
48.1738, 1013344
48.2059, 1013344
48.2413, 1013344
48.2757, 1013344
48.3098, 1013344
48.3418, 1013344
48.3733, 1013344
48.4055, 1013344
48.4402, 1013344
48.4739, 1013344
48.5057, 1013344
48.5367, 1013344
48.5752, 1013344
48.6079, 1013344
48.6389, 1013344
48.6697, 1013344
48.7011, 1013344
48.7317, 1013344
48.7638, 1013344
48.795, 1013344
48.8275, 1013344
48.8623, 1013344
48.8957, 1013344
48.9276, 1013344
48.9597, 1013344
48.9914, 1013344
49.0231, 1013344
49.0556, 1013344
49.0896, 1013344
49.1216, 1013344
49.1558, 1013344
49.1882, 1013344
49.2206, 1013344
49.2544, 1013344
49.2897, 1013344
49.3218, 1013344
49.353, 1013344
49.3839, 1013344
49.415, 1013344
49.4467, 1013344
49.4788, 1013344
49.5094, 1013344
49.5402, 1013344
49.5746, 1013344
49.606, 1013344
49.6371, 1013344
49.6709, 1013344
49.7037, 1013344
49.7342, 1013344
49.7656, 1013344
49.7971, 1013344
49.8289, 1013344
49.8607, 1013344
49.8924, 1013344
49.924, 1013344
49.9564, 1013344
49.9886, 1013344
50.0202, 1013344
50.0525, 1013344
50.0882, 1013344
50.1209, 1013344
50.1531, 1013344
50.1858, 1013344
50.2186, 1013344
50.2516, 1013344
50.2849, 1013344
50.3172, 1013344
50.3504, 1013344
50.3827, 1013344
50.4151, 1013344
50.4498, 1013344
50.4837, 1013344
50.5154, 1013344
50.5471, 1013344
50.5822, 1013344
50.6149, 1013344
50.6456, 1013344
50.6764, 1013344
50.7074, 1013344
50.7387, 1013344
50.771, 1013344
50.8051, 1013344
50.838, 1013344
50.8735, 1013344
50.9077, 1013344
50.9408, 1013344
50.9736, 1013344
51.0044, 1013344
51.0418, 1013344
51.0794, 1013344
51.1143, 1013344
51.1475, 1013344
51.1803, 1013344
51.2129, 1013344
51.2467, 1013344
51.281, 1013344
51.3154, 1013344
51.3486, 1013344
51.3824, 1013344
51.4153, 1013344
51.4483, 1013344
51.481, 1013344
51.5138, 1013344
51.5463, 1013344
51.5822, 1013344
51.617, 1013344
51.6505, 1013344
51.6829, 1013344
51.7153, 1013344
51.7459, 1013344
51.7766, 1013344
51.8088, 1013344
51.8411, 1013344
51.8733, 1013344
51.905, 1013344
51.9368, 1013344
51.9734, 1013344
52.012, 1013344
52.059, 1013344
52.0988, 1013344
52.1333, 1013344
52.1681, 1013344
52.2017, 1013344
52.2349, 1013344
52.2684, 1013344
52.3012, 1013344
52.3355, 1013344
52.3738, 1013344
52.4079, 1013344
52.439, 1013344
52.477, 1013344
52.5108, 1013344
52.5448, 1013344
52.5804, 1013344
52.6144, 1013344
52.6469, 1013344
52.68, 1013344
52.7139, 1013344
52.7481, 1013344
52.7811, 1013344
52.8149, 1013344
52.8492, 1013344
52.8855, 1013344
52.9184, 1013344
52.9508, 1013344
52.9835, 1013344
53.0167, 1013344
53.0516, 1013344
53.0982, 1013344
53.1443, 1013344
53.1775, 1013344
53.2098, 1013344
53.2418, 1013344
53.2768, 1013344
53.3094, 1013344
53.3413, 1013344
53.3733, 1013608
53.4061, 1013608
53.4383, 1013608
53.4696, 1013608
53.5006, 1013608
53.532, 1013608
53.5656, 1013608
53.5993, 1013608
53.6318, 1013608
53.6684, 1013608
53.705, 1013608
53.7405, 1013608
53.7745, 1013608
53.8085, 1013608
53.8424, 1013872
53.8761, 1013872
53.9099, 1013872
53.9429, 1013872
53.9791, 1013872
54.0131, 1013872
54.0479, 1013872
54.0865, 1013872
54.1226, 1013872
54.1561, 1013872
54.1908, 1013872
54.2316, 1013872
54.2666, 1013872
54.3007, 1013872
54.3346, 1013872
54.3685, 1013872
54.4007, 1013872
54.4332, 1013872
54.4656, 1013872
54.5004, 1013872
54.5362, 1013872
54.5695, 1013872
54.6027, 1013872
54.636, 1013872
54.6695, 1013872
54.7063, 1013872
54.7418, 1013872
54.7755, 1013872
54.8073, 1013872
54.8422, 1013872
54.8758, 1013872
54.912, 1013872
54.9458, 1013872
54.9787, 1013872
55.0115, 1013872
55.0441, 1013872
55.0766, 1013872
55.1114, 1013872
55.1449, 1013872
55.1779, 1013872
55.2151, 1013872
55.2495, 1013872
55.2841, 1013872
55.3216, 1013872
55.3548, 1013872
55.3876, 1013872
55.421, 1013872
55.4535, 1013872
55.4863, 1013872
55.5188, 1013872
55.5512, 1013872
55.5839, 1013872
55.6169, 1013872
55.6495, 1013872
55.6818, 1013872
55.7204, 1013872
55.7602, 1013872
55.7942, 1013872
55.8272, 1013872
55.8599, 1013872
55.8926, 1013872
55.9251, 1013872
55.9578, 1013872
55.99, 1013872
56.023, 1013872
56.0565, 1013872
56.0934, 1013872
56.1304, 1013872
56.1664, 1013872
56.2024, 1013872
56.2389, 1013872
56.2734, 1013872
56.3071, 1013872
56.3412, 1013872
56.3744, 1013872
56.4111, 1013872
56.4453, 1013872
56.4792, 1013872
56.5156, 1013872
56.5502, 1013872
56.5833, 1013872
56.6206, 1013872
56.6552, 1013872
56.6902, 1013872
56.7246, 1013872
56.758, 1013872
56.791, 1013872
56.8239, 1013872
56.8568, 1013872
56.8895, 1013872
56.9286, 1013872
56.9636, 1013872
56.9978, 1013872
57.0332, 1013872
57.0681, 1013872
57.1041, 1013872
57.1436, 1013872
57.178, 1013872
57.2107, 1013872
57.2458, 1013872
57.2853, 1013872
57.3238, 1013872
57.3598, 1013872
57.3948, 1013872
57.4278, 1013872
57.4625, 1013872
57.4956, 1013872
57.5291, 1013872
57.5623, 1013872
57.5983, 1013872
57.6344, 1013872
57.6682, 1013872
57.7019, 1013872
57.7354, 1013872
57.7713, 1013872
57.8075, 1013872
57.844, 1013872
57.8788, 1013872
57.9135, 1013872
57.9481, 1013872
57.9848, 1013872
58.0208, 1014136
58.0557, 1014136
58.0919, 1014136
58.1331, 1014136
58.168, 1014136
58.203, 1014136
58.2383, 1014136
58.2755, 1014136
58.3141, 1014136
58.349, 1014136
58.3877, 1014136
58.4326, 1014136
58.4756, 1014136
58.529, 1014136
58.5818, 1014136
58.6309, 1014136
58.6686, 1014136
58.7049, 1014136
58.744, 1014136
58.7855, 1014136
58.8325, 1014136
58.88, 1014136
58.9239, 1014136
58.9756, 1014136
59.0238, 1014136
59.0641, 1014136
59.0997, 1014136
59.1356, 1014136
59.171, 1014136
59.2115, 1014136
59.2473, 1014136
59.2843, 1014136
59.3323, 1014136
59.3822, 1014136
59.4346, 1014136
59.4858, 1014136
59.5368, 1014136
59.5803, 1014136
59.6183, 1014136
59.6564, 1014136
59.6933, 1014136
59.7305, 1014136
59.7663, 1014136
59.8015, 1014136
59.8375, 1014136
59.8722, 1014136
59.9065, 1014136
59.9413, 1014136
59.9747, 1014136
60.0116, 1014136
60.0451, 1014136
60.0823, 1014136
60.1192, 1014136
60.1535, 1014136
60.187, 1014136
60.2208, 1014136
60.2545, 1014136
60.2936, 1014136
60.3298, 1014136
60.3681, 1014136
60.4095, 1014136
60.458, 1014136
60.5052, 1014136
60.5512, 1014136
60.5907, 1014136
60.6251, 1014136
60.6594, 1014136
60.6933, 1014136
60.7291, 1014136
60.7639, 1014136
60.8139, 1014136
60.8603, 1014136
60.895, 1014136
60.9287, 1014136
60.9622, 1014136
60.9958, 1014136
61.0294, 1014136
61.0743, 1014136
61.1153, 1014136
61.1494, 1014136
61.1842, 1014136
61.2231, 1014136
61.2584, 1014136
61.2976, 1014136
61.3335, 1014136
61.3684, 1014136
61.4049, 1014136
61.4403, 1014136
61.476, 1014136
61.5116, 1014136
61.5459, 1014136
61.5825, 1014136
61.6193, 1014136
61.6556, 1014136
61.6914, 1014136
61.7266, 1014136
61.7607, 1014136
61.7976, 1014136
61.8306, 1014136
61.8655, 1014136
61.8995, 1014136
61.9329, 1014136
61.9668, 1014136
62.0034, 1014136
62.0382, 1014136
62.0726, 1014136
62.109, 1014136
62.1452, 1014136
62.1818, 1014136
62.2168, 1014136
62.2513, 1014136
62.2881, 1014136
62.3239, 1014136
62.3582, 1014136
62.3948, 1014136
62.4315, 1014136
62.4656, 1014136
62.4993, 1014136
62.5327, 1014136
62.5663, 1014136
62.5997, 1014136
62.6326, 1014136
62.6656, 1014136
62.6986, 1014136
62.7333, 1014136
62.7702, 1014136
62.812, 1014136
62.8472, 1014136
62.8818, 1014136
62.916, 1014136
62.9495, 1014136
62.9832, 1014136
63.0173, 1014136
63.0537, 1014136
63.0889, 1014136
63.1268, 1014136
63.1618, 1014136
63.1997, 1014136
63.2345, 1014136
63.2734, 1014136
63.314, 1014136
63.3509, 1014136
63.386, 1014136
63.4207, 1014136
63.4569, 1014136
63.4926, 1014136
63.5273, 1014136
63.5617, 1014136
63.5996, 1014136
63.6352, 1014136
63.6705, 1014136
63.7077, 1014136
63.7441, 1014136
63.7834, 1014136
63.8186, 1014136
63.8528, 1014136
63.8888, 1014136
63.9248, 1014136
63.9616, 1014136
64.0034, 1014136
64.0503, 1014136
64.097, 1014136
64.1417, 1014136
64.1892, 1014136
64.2404, 1014136
64.2846, 1014136
64.3204, 1014136
64.3567, 1014136
64.3954, 1014136
64.4324, 1014136
64.4668, 1014136
64.5009, 1014136
64.5351, 1014136
64.5699, 1014136
64.6037, 1014136
64.638, 1014136
64.6717, 1014136
64.7056, 1014136
64.7431, 1014136
64.7909, 1014136
64.8385, 1014136
64.891, 1014136
64.9449, 1014136
64.9925, 1014136
65.0312, 1014136
65.066, 1014136
65.1025, 1014136
65.1377, 1014136
65.172, 1014136
65.2091, 1014136
65.2455, 1014136
65.2828, 1014136
65.3184, 1014136
65.3522, 1014136
65.3859, 1014136
65.4194, 1014136
65.4532, 1014136
65.4866, 1014136
65.5196, 1014136
65.5541, 1014136
65.5896, 1014136
65.6258, 1014136
65.6613, 1014136
65.6946, 1014136
65.7279, 1014136
65.7687, 1014136
65.8093, 1014136
65.8546, 1014136
65.8973, 1014136
65.9331, 1014136
65.9701, 1014136
66.0098, 1014136
66.0516, 1014136
66.0851, 1014136
66.1228, 1014136
66.1573, 1014136
66.1916, 1014136
66.225, 1014136
66.2586, 1014136
66.2929, 1014136
66.3268, 1014136
66.3612, 1014136
66.396, 1014136
66.4332, 1014136
66.4666, 1014136
66.5006, 1014136
66.5365, 1014136
66.5699, 1014136
66.6031, 1014136
66.6357, 1014136
66.6696, 1014136
66.7055, 1014136
66.7558, 1014136
66.8028, 1014136
66.8508, 1014136
66.8999, 1014136
66.9496, 1014136
66.9885, 1014136
67.0285, 1014136
67.0634, 1014136
67.1005, 1014136
67.136, 1014136
67.1711, 1014136
67.2091, 1014136
67.2463, 1014136
67.2816, 1014136
67.3175, 1014136
67.3522, 1014136
67.3869, 1014136
67.4211, 1014136
67.4551, 1014136
67.4886, 1014136
67.5254, 1014136
67.5606, 1014136
67.5994, 1014136
67.6366, 1014136
67.6719, 1014136
67.7068, 1014136
67.7408, 1014136
67.7747, 1014136
67.809, 1014136
67.8427, 1014136
67.8769, 1014136
67.9114, 1014136
67.9462, 1014136
67.9799, 1014136
68.0197, 1014136
68.0534, 1014136
68.0887, 1014136
68.1251, 1014136
68.1603, 1014136
68.1957, 1014136
68.2306, 1014136
68.2665, 1014136
68.3022, 1014136
68.3376, 1014136
68.3723, 1014136
68.4131, 1014136
68.4547, 1014136
68.4959, 1014136
68.5419, 1014136
68.5839, 1014136
68.619, 1014136
68.6549, 1014136
68.6884, 1014136
68.7216, 1014136
68.7548, 1014136
68.7881, 1014136
68.8213, 1014136
68.8584, 1014136
68.9044, 1014136
68.9468, 1014136
68.9836, 1014136
69.0206, 1014136
69.0572, 1014136
69.0933, 1014136
69.1304, 1014136
69.1657, 1014136
69.2028, 1014136
69.2418, 1014136
69.2871, 1014136
69.326, 1014136
69.3602, 1014136
69.3931, 1014136
69.426, 1014400
69.4586, 1014400
69.4927, 1014400
69.5298, 1014400
69.5646, 1014400
69.6013, 1014400
69.6366, 1014400
69.6699, 1014400
69.704, 1014400
69.7376, 1014400
69.7734, 1014400
69.8076, 1014400
69.8425, 1014400
69.8771, 1014400
69.9104, 1014400
69.9435, 1014400
69.9773, 1014400
70.0158, 1014400
70.054, 1014400
70.091, 1014400
70.1268, 1014400
70.1623, 1014400
70.1975, 1014400
70.2315, 1014400
70.2717, 1014400
70.309, 1014400
70.3425, 1014400
70.3768, 1014400
70.4102, 1014400
70.4433, 1014400
70.4764, 1014400
70.5102, 1014400
70.5459, 1014400
70.5847, 1014400
70.6211, 1014400
70.6557, 1014400
70.6905, 1014400
70.7248, 1014400
70.7586, 1014400
70.7952, 1014400
70.8351, 1014400
70.8712, 1014400
70.9046, 1014400
70.9388, 1014400
70.9726, 1014400
71.0062, 1014400
71.0392, 1014400
71.0724, 1014400
71.1094, 1014400
71.1497, 1014400
71.1864, 1014400
71.222, 1014400
71.2581, 1014400
71.2942, 1014400
71.3322, 1014400
71.3708, 1014400
71.4065, 1014400
71.442, 1014400
71.4777, 1014400
71.5144, 1014400
71.5545, 1014400
71.59, 1014400
71.6256, 1014400
71.6607, 1014400
71.6971, 1014400
71.7353, 1014400
71.7715, 1014400
71.8076, 1014400
71.8459, 1014400
71.883, 1014400
71.9189, 1014400
71.9573, 1014400
71.9919, 1014400
72.0263, 1014400
72.0606, 1014400
72.1011, 1014400
72.139, 1014400
72.1764, 1014400
72.2131, 1014400
72.2492, 1014400
72.286, 1014400
72.3233, 1014400
72.3662, 1014400
72.4071, 1014400
72.4506, 1014400
72.4971, 1014400
72.5382, 1014400
72.5798, 1014400
72.6201, 1014400
72.662, 1014400
72.7004, 1014400
72.7364, 1014400
72.7731, 1014400
72.8094, 1014400
72.8459, 1014400
72.8835, 1014400
72.9185, 1014400
72.958, 1014400
72.9943, 1014400
73.0316, 1014400
73.0688, 1014400
73.1113, 1014400
73.1481, 1014400
73.1856, 1014400
73.2215, 1014400
73.258, 1014400
73.2935, 1014400
73.3313, 1014400
73.3693, 1014400
73.4071, 1014400
73.443, 1014400
73.4785, 1014400
73.5133, 1014400
73.5491, 1014400
73.59, 1014400
73.6305, 1014400
73.6679, 1014400
73.706, 1014400
73.7452, 1014400
73.7829, 1014400
73.8199, 1014400
73.8573, 1014400
73.8939, 1014400
73.9303, 1014400
73.9665, 1014400
74.0037, 1014664
74.0408, 1014664
74.0777, 1014664
74.1197, 1014664
74.1596, 1014664
74.1981, 1014664
74.2348, 1014664
74.2725, 1014664
74.3169, 1014664
74.3652, 1014664
74.4157, 1014664
74.4673, 1014664
74.5188, 1014664
74.5678, 1014664
74.6128, 1014664
74.6545, 1014664
74.691, 1014664
74.7257, 1014664
74.7617, 1014664
74.7973, 1014664
74.8319, 1014664
74.8667, 1014664
74.9011, 1014664
74.9412, 1014664
74.989, 1014664
75.0455, 1014664
75.0958, 1014664
75.1475, 1014664
75.1986, 1014664
75.2478, 1014664
75.291, 1014664
75.3326, 1014664
75.3713, 1014664
75.4096, 1014664
75.4483, 1014664
75.4853, 1014664
75.5232, 1014664
75.567, 1014664
75.6064, 1014664
75.6415, 1014664
75.6768, 1014664
75.7118, 1014664
75.749, 1014664
75.7864, 1014664
75.8321, 1014664
75.8794, 1014664
75.9268, 1014664
75.9757, 1014664
76.0256, 1014664
76.07, 1014664
76.1103, 1014664
76.1514, 1014664
76.1905, 1014664
76.2279, 1014664
76.2646, 1014664
76.3004, 1014664
76.3362, 1014664
76.373, 1014664
76.4107, 1014664
76.4501, 1014664
76.4883, 1014664
76.5251, 1014664
76.5654, 1014664
76.6111, 1014664
76.6553, 1014664
76.6962, 1014664
76.7332, 1014664
76.7701, 1014664
76.8077, 1014664
76.8459, 1014664
76.8815, 1014664
76.9172, 1014664
76.9523, 1014664
76.9882, 1014664
77.0233, 1014664
77.0575, 1014664
77.097, 1014664
77.1507, 1014664
77.1984, 1014664
77.2422, 1014664
77.2789, 1014664
77.3157, 1014664
77.3517, 1014664
77.3899, 1014664
77.4371, 1014664
77.4766, 1014664
77.5123, 1014664
77.5464, 1014664
77.5813, 1014664
77.617, 1014664
77.6556, 1014664
77.6959, 1014664
77.7434, 1014664
77.7875, 1014664
77.826, 1014664
77.8606, 1014664
77.8949, 1014664
77.9296, 1014664
77.9695, 1014664
78.0177, 1014664
78.0594, 1014664
78.0959, 1014664
78.134, 1014664
78.17, 1014664
78.2067, 1014664
78.2465, 1014664
78.2976, 1014664
78.3424, 1014664
78.3823, 1014664
78.4207, 1014664
78.4598, 1014664
78.4957, 1014664
78.5376, 1014664
78.5887, 1014664
78.6263, 1014664
78.6619, 1014664
78.6964, 1014664
78.7305, 1014664
78.7645, 1014664
78.7996, 1014664
78.8423, 1014664
78.8842, 1014664
78.9202, 1014664
78.954, 1014664
78.9882, 1014664
79.0219, 1014664
79.0556, 1014664
79.0901, 1014664
79.1289, 1014664
79.1654, 1014664
79.2018, 1014664
79.2376, 1014664
79.2783, 1014664
79.319, 1014664
79.3598, 1014664
79.3962, 1014664
79.4319, 1014664
79.4682, 1014664
79.505, 1014664
79.542, 1014664
79.5777, 1014664
79.6132, 1014664
79.6489, 1014664
79.6847, 1014664
79.7211, 1014664
79.7576, 1014664
79.7935, 1014664
79.8295, 1014664
79.8646, 1014664
79.9004, 1014664
79.9361, 1014664
79.9715, 1014664
80.0066, 1014664
80.0426, 1014664
80.0772, 1014664
80.1132, 1014664
80.15, 1014664
80.1861, 1014664
80.2223, 1014664
80.2567, 1014664
80.2914, 1014664
80.3266, 1014664
80.3619, 1014664
80.401, 1014664
80.4412, 1014664
80.4769, 1014664
80.5119, 1014664
80.5467, 1014664
80.5817, 1014664
80.6153, 1014664
80.6499, 1014664
80.6838, 1014664
80.7205, 1014664
80.7573, 1014664
80.7922, 1014664
80.8264, 1014664
80.8648, 1014664
80.9051, 1014664
80.944, 1014664
80.9805, 1014664
81.0156, 1014664
81.0503, 1014664
81.0852, 1014664
81.127, 1014664
81.1648, 1014664
81.2009, 1014664
81.237, 1014664
81.2732, 1014664
81.3119, 1014664
81.3486, 1014664
81.384, 1014664
81.4236, 1014664
81.4619, 1014664
81.5014, 1014664
81.5397, 1014664
81.5773, 1014664
81.6135, 1014664
81.6496, 1014664
81.6844, 1014664
81.7191, 1014664
81.7535, 1014664
81.788, 1014664
81.8229, 1014664
81.8574, 1014664
81.8949, 1014664
81.9347, 1014664
81.9715, 1014664
82.0072, 1014664
82.0428, 1014664
82.0801, 1014664
82.1184, 1014664
82.1559, 1014928
82.1931, 1014928
82.2305, 1014928
82.2685, 1014928
82.3082, 1014928
82.3475, 1014928
82.385, 1014928
82.4264, 1014928
82.4662, 1014928
82.5036, 1014928
82.5397, 1014928
82.5767, 1014928
82.6129, 1014928
82.6486, 1014928
82.6907, 1014928
82.7324, 1014928
82.7697, 1014928
82.8071, 1014928
82.8441, 1014928
82.8804, 1014928
82.9169, 1014928
82.9525, 1014928
82.9915, 1014928
83.029, 1014928
83.069, 1014928
83.1133, 1014928
83.1514, 1014928
83.1908, 1014928
83.2295, 1014928
83.2656, 1014928
83.3018, 1014928
83.3437, 1014928
83.3812, 1014928
83.4181, 1014928
83.4537, 1014928
83.4895, 1014928
83.5258, 1014928
83.5614, 1014928
83.5976, 1014928
83.6396, 1014928
83.6859, 1014928
83.7309, 1014928
83.7682, 1014928
83.8055, 1014928
83.8433, 1014928
83.8811, 1014928
83.9182, 1014928
83.9546, 1014928
83.9908, 1014928
84.0316, 1014928
84.0699, 1014928
84.1143, 1014928
84.1546, 1014928
84.1919, 1014928
84.2295, 1014928
84.2658, 1014928
84.3132, 1014928
84.3533, 1014928
84.3915, 1014928
84.4306, 1014928
84.4673, 1014928
84.5033, 1014928
84.5414, 1014928
84.579, 1014928
84.615, 1014928
84.6528, 1014928
84.6883, 1014928
84.724, 1014928
84.7593, 1014928
84.7966, 1014928
84.8342, 1014928
84.8714, 1014928
84.9087, 1014928
84.9451, 1014928
84.982, 1014928
85.0206, 1014928
