1.74022, 1002240
1.7731, 1002824
1.80303, 1003352
1.83251, 1003352
1.86217, 1003352
1.89214, 1003352
1.92221, 1003352
1.95235, 1003352
1.98265, 1003616
2.01396, 1003616
2.046, 1003616
2.07732, 1003880
2.1111, 1003880
2.14435, 1003880
2.17633, 1004144
2.20815, 1004144
2.23905, 1004144
2.26919, 1004408
2.29977, 1004408
2.33059, 1004408
2.36223, 1004408
2.39457, 1004408
2.42754, 1004672
2.46019, 1004672
2.49324, 1004672
2.52676, 1004672
2.5659, 1005200
2.59998, 1005464
2.63209, 1005728
2.67106, 1005728
2.70718, 1005728
2.74488, 1005728
2.77927, 1005992
2.81374, 1006256
2.84998, 1006256
2.88691, 1006256
2.93202, 1006256
2.96631, 1006256
3.00634, 1006256
3.04359, 1006256
3.07943, 1006256
3.11434, 1006256
3.16215, 1006520
3.20431, 1006520
3.25458, 1006520
3.30806, 1006520
3.36145, 1006520
3.41478, 1006520
3.46105, 1006784
3.49817, 1006784
3.53294, 1006784
3.56946, 1006784
3.60721, 1006784
3.65851, 1006784
3.71437, 1006784
3.76893, 1007048
3.81322, 1007048
3.85992, 1007048
3.91362, 1007048
3.964, 1007048
4.01331, 1007048
4.06243, 1007312
4.09966, 1007312
4.13672, 1007312
4.17342, 1007312
4.21326, 1007312
4.24892, 1007312
4.28477, 1007312
4.32117, 1007576
4.35911, 1007576
4.39653, 1007576
4.43479, 1007576
4.47175, 1007576
4.51241, 1007840
4.54827, 1008368
4.58667, 1008368
4.62444, 1008368
4.6647, 1008368
4.70208, 1008368
4.74116, 1008368
4.77668, 1008368
4.81532, 1008368
4.85243, 1008368
4.88947, 1008368
4.9258, 1008368
4.9624, 1008368
4.99963, 1008368
5.03706, 1008368
5.07298, 1008368
5.11, 1008368
5.14812, 1008368
5.19147, 1008368
5.23024, 1008368
5.26658, 1008368
5.30517, 1008632
5.3433, 1008632
5.38197, 1008632
5.42087, 1008632
5.45836, 1008632
5.49735, 1008632
5.53438, 1008632
5.57338, 1008896
5.61144, 1008896
5.6515, 1008896
5.69494, 1008896
5.73424, 1008896
5.7718, 1008896
5.81, 1008896
5.84614, 1008896
5.88244, 1008896
5.92098, 1008896
5.95963, 1008896
5.99632, 1008896
6.03516, 1008896
6.0726, 1008896
6.11235, 1008896
6.14938, 1008896
6.18641, 1008896
6.22394, 1008896
6.26138, 1008896
6.29778, 1008896
6.33392, 1008896
6.37158, 1008896
6.41192, 1008896
6.45116, 1008896
6.48909, 1008896
6.52705, 1008896
6.56529, 1008896
6.60666, 1008896
6.64926, 1008896
6.68797, 1008896
6.72626, 1008896
6.76182, 1008896
6.79642, 1008896
6.83198, 1008896
6.8655, 1008896
6.89659, 1008896
6.92983, 1008896
6.96283, 1008896
6.99624, 1008896
7.03011, 1008896
7.06387, 1008896
7.09785, 1008896
7.13179, 1008896
7.16549, 1008896
7.19968, 1008896
7.23433, 1008896
7.26771, 1008896
7.30046, 1008896
7.33321, 1008896
7.36637, 1008896
7.41448, 1010744
7.44912, 1010744
7.48245, 1010744
7.51577, 1010744
7.54949, 1010744
7.58336, 1010744
7.61881, 1010744
7.6539, 1010744
7.68949, 1010744
7.7283, 1011008
7.7696, 1011272
7.81259, 1011800
7.85696, 1012064
7.90082, 1012328
7.96781, 1012592
8.02093, 1012856
8.07049, 1013120
8.11986, 1013648
8.16907, 1013912
8.22016, 1014176
8.27084, 1014440
8.32186, 1014704
8.37118, 1014704
8.42258, 1014704
8.47086, 1014968
8.52151, 1014968
8.56869, 1014968
8.6405, 1018136
8.6869, 1018136
8.7299, 1018136
8.77665, 1018136
8.82357, 1018136
8.87273, 1018136
8.92294, 1018136
8.97595, 1018400
9.03114, 1018664
9.08676, 1018664
9.1426, 1018928
9.2011, 1018928
9.26346, 1019192
9.32508, 1019192
9.38632, 1019456
9.44714, 1019456
9.51083, 1019456
9.57681, 1019456
9.6377, 1019720
9.70365, 1021040
9.76774, 1021040
9.83234, 1021040
9.89682, 1021040
9.96004, 1021040
10.0251, 1021040
10.0839, 1021040
10.1408, 1021304
10.1958, 1021304
10.2493, 1021304
10.3049, 1021304
10.3584, 1021568
10.4156, 1021568
10.4717, 1021568
10.5265, 1021568
10.5823, 1021568
10.6375, 1021568
10.694, 1021832
10.7546, 1021832
10.8127, 1021832
10.8732, 1021832
10.9317, 1021832
10.9922, 1021832
11.0471, 1021832
11.1009, 1021832
11.1581, 1021832
11.2231, 1022096
11.2908, 1022096
11.3636, 1022360
11.4304, 1022360
11.4954, 1022360
11.5599, 1022360
11.6229, 1022624
11.6903, 1022624
11.7482, 1022624
11.8072, 1022624
11.8654, 1022624
11.9255, 1022624
11.984, 1022624
12.0434, 1022624
12.1011, 1022624
12.1575, 1022888
12.2114, 1022888
12.266, 1022888
12.319, 1022888
12.376, 1022888
12.4316, 1022888
12.4861, 1022888
12.5427, 1022888
12.6018, 1022888
12.658, 1022888
12.7157, 1022888
12.7733, 1022888
12.8294, 1022888
12.8836, 1022888
12.9408, 1022888
12.9987, 1023152
13.0575, 1023152
13.117, 1023152
13.1779, 1023152
13.239, 1023152
13.2991, 1023152
13.3579, 1023152
13.4156, 1023152
13.4721, 1023152
13.5302, 1023152
13.5891, 1023152
13.6486, 1023152
13.7105, 1023416
13.7691, 1023416
13.8281, 1023416
13.8865, 1023416
13.9444, 1023416
14.0012, 1023416
14.0583, 1023416
14.1131, 1023416
14.1665, 1023416
14.2218, 1023416
14.2746, 1023416
14.3281, 1023416
14.3835, 1023416
14.4384, 1023416
14.4917, 1023416
14.5458, 1023416
14.5999, 1023680
14.6548, 1023680
14.7118, 1023680
14.7659, 1023680
14.818, 1023680
14.8727, 1023680
14.9253, 1023944
14.9806, 1023944
15.0339, 1024208
15.0895, 1024208
15.144, 1024208
15.2029, 1024472
15.2614, 1024472
15.3191, 1024736
15.379, 1024736
15.4387, 1025000
15.4966, 1025000
15.5539, 1025000
15.621, 1025000
15.6889, 1025000
15.7586, 1025000
15.8279, 1025000
15.8937, 1025000
15.9562, 1025000
16.0171, 1025264
16.0839, 1025264
16.1581, 1025264
16.2358, 1025528
16.3201, 1025528
16.3925, 1025528
16.4577, 1025792
16.5208, 1025792
16.5853, 1026056
16.6493, 1026056
16.7126, 1026320
16.7738, 1026320
16.835, 1026320
16.8952, 1026320
16.9538, 1026320
17.0138, 1026320
17.0729, 1026320
17.1364, 1026584
17.2048, 1026584
17.2708, 1026584
17.3446, 1026584
17.4239, 1026584
17.4988, 1026584
17.5645, 1026584
17.6361, 1026848
17.7128, 1026848
17.7898, 1026848
17.8717, 1026848
17.9497, 1026848
18.0116, 1026848
18.0737, 1026848
18.134, 1026848
18.1946, 1026848
18.2555, 1026848
18.316, 1026848
18.3767, 1027112
18.4457, 1027112
18.5068, 1027112
18.5699, 1027112
18.6427, 1027112
18.7239, 1027112
18.8114, 1027112
18.8937, 1027112
18.962, 1027112
19.0209, 1027376
19.08, 1027376
19.1484, 1027376
19.227, 1027376
19.3075, 1027640
19.3834, 1027640
19.4595, 1027640
19.5247, 1027640
19.5861, 1027904
19.651, 1027904
19.7151, 1027904
19.7802, 1027904
19.8466, 1027904
19.9116, 1027904
19.9765, 1028168
20.0398, 1028168
20.1059, 1028168
20.1719, 1028432
20.24, 1028432
20.3062, 1028696
20.4259, 1033096
20.493, 1033356
20.5621, 1033620
20.6335, 1033884
20.7058, 1034148
20.7743, 1034148
20.8416, 1034148
20.9137, 1034412
20.9839, 1034412
21.0527, 1034412
21.132, 1034412
21.2156, 1034412
21.3013, 1034676
21.3769, 1034676
21.4465, 1034940
21.5179, 1034940
21.5902, 1034940
21.6639, 1034940
21.7375, 1034940
21.8123, 1035204
21.8847, 1035204
22.3271, 1061340
22.8246, 1061588
23.2821, 1061588
23.8155, 1064756
24.3142, 1064756
24.7899, 1064756
25.2797, 1064756
25.7534, 1064756
26.2749, 1064756
26.7451, 1064756
27.2114, 1064756
27.6834, 1064756
28.1709, 1064756
28.6446, 1064756
29.121, 1064756
29.6032, 1066340
30.0755, 1066340
30.5659, 1066340
31.0378, 1066340
31.5163, 1066340
31.9933, 1066604
32.4799, 1066604
32.9668, 1066604
33.4492, 1066604
33.9748, 1066604
34.5037, 1066604
35.1073, 1066604
35.6245, 1066868
36.1384, 1066868
36.663, 1066868
37.1564, 1066868
37.6345, 1066868
38.1142, 1066868
38.5856, 1066868
39.0574, 1066868
39.5242, 1066868
39.9935, 1066868
40.4594, 1066868
40.9344, 1066868
41.4137, 1066868
41.8852, 1066868
42.3803, 1066868
42.8512, 1066868
43.3892, 1066868
43.865, 1066868
44.3546, 1066868
45.0584, 1066868
45.5425, 1066868
46.0113, 1067132
46.5472, 1067132
47.0248, 1067132
47.5053, 1067132
47.9957, 1067132
48.4765, 1067132
48.9692, 1067132
49.4447, 1067132
50.0088, 1067132
50.4806, 1067132
50.9529, 1067132
51.4207, 1067132
51.9006, 1067132
52.3597, 1067132
52.8276, 1067132
53.3015, 1067132
53.8649, 1067396
54.4401, 1067396
54.9318, 1067396
55.4018, 1067396
55.8772, 1067396
56.3566, 1067396
56.8367, 1067396
57.3119, 1067396
57.7742, 1067396
58.2371, 1067396
58.7578, 1067396
59.2452, 1067396
59.7826, 1067396
60.2753, 1067396
60.7493, 1067396
61.2153, 1067396
61.7091, 1067396
62.1906, 1067396
62.6703, 1067396
63.1466, 1067396
63.6184, 1067396
64.0902, 1067396
64.5668, 1067396
65.0435, 1067396
65.5364, 1067396
66.1049, 1067396
66.6757, 1067396
67.1975, 1067396
67.7771, 1067396
68.3211, 1067396
68.8547, 1067396
69.3468, 1067396
69.9594, 1067396
70.5016, 1067660
70.9984, 1067660
71.4922, 1067660
71.9751, 1067660
72.4658, 1067660
72.9389, 1067660
73.4097, 1067660
73.8805, 1067660
74.3482, 1067660
74.8208, 1067660
75.2893, 1067660
75.7551, 1067660
76.2235, 1067660
76.6915, 1067660
77.1637, 1067660
77.6283, 1067660
78.0989, 1067660
78.5626, 1067660
79.0327, 1067660
79.4983, 1067660
79.9673, 1067660
80.4353, 1067660
80.9082, 1067660
81.378, 1067660
81.8475, 1067660
82.3177, 1067660
82.792, 1067660
83.2647, 1067660
83.7414, 1067660
84.2162, 1067660
84.6911, 1067660
85.1664, 1067660
85.641, 1067660
86.1192, 1067660
86.5973, 1067660
87.0816, 1067924
87.5573, 1067924
88.0343, 1067924
88.5099, 1067924
88.9887, 1067924
89.4682, 1067924
89.9513, 1067924
90.4475, 1067924
90.9292, 1067924
91.4042, 1067924
91.8797, 1067924
92.3539, 1067924
92.8331, 1067924
93.3049, 1067924
93.7787, 1067924
94.2605, 1067924
94.738, 1067924
95.2096, 1067924
95.6825, 1067924
96.1542, 1067924
96.6291, 1067924
97.1064, 1067924
97.5812, 1068188
98.0547, 1068188
98.5253, 1068188
98.9975, 1068188
99.4657, 1068188
99.9382, 1068188
100.414, 1068188
100.891, 1068188
101.37, 1068188
101.877, 1068188
102.393, 1068188
102.921, 1068188
103.444, 1068188
103.921, 1068188
104.401, 1068188
104.889, 1068188
105.364, 1068188
105.844, 1068188
106.32, 1068188
106.797, 1068188
107.279, 1068188
107.765, 1068188
108.24, 1068188
108.715, 1068188
109.196, 1068188
109.705, 1068188
110.204, 1068188
110.674, 1068188
111.148, 1068188
111.611, 1068188
112.07, 1068188
112.531, 1068188
112.989, 1068188
113.449, 1068188
114.056, 1068188
114.675, 1068188
115.154, 1068188
115.765, 1068188
116.285, 1068188
116.766, 1068188
117.267, 1068188
117.752, 1068188
118.21, 1068188
118.678, 1068188
119.163, 1068188
119.651, 1068188
120.129, 1068188
120.599, 1068188
121.071, 1068188
121.573, 1068188
122.112, 1068188
122.608, 1068188
123.113, 1068188
123.598, 1068188
124.079, 1068188
124.576, 1068188
125.064, 1068188
125.593, 1068188
126.102, 1068188
126.583, 1068452
127.073, 1068452
127.659, 1068452
128.188, 1068452
128.717, 1068452
129.268, 1068452
129.785, 1068452
130.337, 1068452
130.842, 1068452
131.34, 1068452
131.841, 1068452
132.322, 1068452
132.795, 1068452
133.265, 1068452
133.746, 1068452
134.24, 1068452
134.722, 1068452
135.211, 1068452
135.725, 1068452
136.262, 1068452
136.753, 1068452
137.353, 1068452
137.86, 1068452
138.36, 1068452
138.864, 1068452
139.353, 1068452
139.868, 1068452
140.357, 1068452
140.876, 1068452
141.364, 1068452
141.856, 1068452
142.346, 1068452
142.849, 1068452
143.34, 1068452
143.896, 1068452
144.413, 1068452
144.895, 1068452
145.373, 1068452
145.861, 1068452
146.374, 1068452
146.863, 1068452
147.35, 1070036
147.826, 1070036
148.304, 1070036
148.774, 1070036
149.243, 1070036
149.726, 1070036
150.188, 1070036
150.655, 1070036
151.114, 1070036
151.672, 1070036
152.144, 1070036
152.621, 1070036
153.106, 1070036
153.574, 1070036
154.049, 1070036
154.525, 1070036
154.977, 1070036
155.448, 1070036
155.936, 1070036
156.413, 1070036
156.886, 1070036
157.351, 1070036
157.826, 1070036
158.305, 1070036
158.781, 1070036
159.248, 1070036
159.72, 1070036
160.186, 1070036
160.669, 1070036
161.136, 1070036
161.629, 1070036
162.155, 1070036
162.635, 1070036
163.119, 1070036
163.601, 1070036
164.096, 1070036
164.595, 1070036
165.068, 1070036
165.556, 1070036
166.036, 1070036
166.516, 1070036
167, 1070036
167.477, 1070036
167.985, 1070036
168.537, 1070036
169.051, 1070036
169.577, 1070036
170.059, 1070036
170.551, 1070036
171.069, 1070036
171.562, 1070036
172.055, 1070036
172.611, 1070036
173.13, 1070036
173.607, 1070036
174.092, 1070036
174.59, 1070036
175.057, 1070036
175.531, 1070036
176.009, 1070036
176.497, 1070036
176.973, 1070036
177.461, 1070036
177.949, 1070036
178.433, 1070036
178.902, 1070036
179.38, 1070036
179.869, 1070036
180.34, 1070036
180.822, 1070036
181.3, 1070036
181.783, 1070036
182.262, 1070036
182.738, 1070036
183.206, 1070036
183.705, 1070036
184.172, 1070036
184.652, 1070036
185.164, 1070036
185.652, 1070036
186.129, 1070036
186.711, 1070036
187.192, 1070036
187.669, 1070036
188.186, 1070036
188.727, 1070036
189.224, 1070036
189.695, 1070036
190.155, 1070036
190.671, 1070036
191.178, 1070036
191.646, 1070036
192.15, 1070036
192.63, 1070036
193.103, 1070036
193.574, 1070036
194.103, 1070036
194.602, 1070036
195.126, 1070036
195.616, 1070036
196.09, 1070036
196.571, 1070036
197.042, 1070036
197.552, 1070036
198.069, 1070036
198.557, 1070036
199.049, 1070036
199.587, 1070036
200.093, 1070036
200.593, 1070036
201.101, 1070036
201.68, 1070036
202.274, 1070036
202.796, 1070036
203.282, 1070036
203.757, 1070036
204.234, 1070036
204.734, 1070036
205.207, 1070036
205.686, 1070036
206.148, 1070036
206.626, 1070036
207.113, 1070036
207.572, 1070036
208.038, 1070036
208.511, 1070036
208.987, 1070036
209.463, 1070036
209.935, 1070036
210.406, 1070036
210.893, 1070036
211.359, 1070036
211.825, 1070036
212.296, 1070036
212.78, 1070036
213.244, 1070036
213.724, 1070036
214.186, 1070036
214.658, 1070036
215.133, 1070036
215.614, 1070036
216.124, 1070036
216.701, 1070036
217.177, 1070036
217.637, 1070036
218.121, 1070036
218.605, 1070036
219.079, 1070036
219.56, 1070036
220.032, 1070036
220.498, 1070036
220.963, 1070036
221.431, 1070036
221.911, 1070036
222.381, 1070036
222.862, 1070036
223.314, 1070036
223.906, 1070036
224.399, 1070036
224.865, 1070036
225.333, 1070036
225.794, 1070036
226.252, 1070036
226.714, 1070036
227.168, 1070036
227.627, 1070036
228.094, 1070036
228.674, 1070036
229.137, 1070036
229.63, 1070036
230.101, 1070036
230.61, 1070036
231.088, 1070036
231.539, 1070036
231.986, 1070036
232.439, 1070036
232.884, 1070036
233.336, 1070036
233.806, 1070036
234.303, 1070036
234.791, 1070036
235.264, 1070036
235.726, 1070036
236.213, 1070036
236.699, 1070036
237.154, 1070036
237.61, 1070036
238.1, 1070036
238.577, 1070036
239.147, 1070036
239.735, 1070036
240.349, 1070036
240.841, 1070036
241.323, 1070036
241.866, 1070036
242.394, 1070036
242.898, 1070036
243.436, 1070036
243.979, 1070036
244.533, 1070036
245.056, 1070036
245.595, 1070036
246.085, 1070036
246.597, 1070036
247.081, 1070036
247.572, 1070036
248.064, 1070036
248.536, 1070036
249.003, 1070036
249.47, 1070036
249.932, 1070036
250.415, 1070036
250.945, 1070036
251.486, 1070036
252.011, 1070036
252.574, 1070036
253.058, 1070036
253.592, 1070036
254.168, 1070036
254.759, 1070036
255.339, 1070036
255.924, 1070036
256.467, 1070036
256.959, 1070036
257.46, 1070036
257.998, 1070036
258.544, 1070036
259.082, 1070036
259.605, 1070036
260.171, 1070036
260.806, 1070036
261.434, 1070036
261.993, 1070036
262.51, 1070036
263.089, 1070036
263.566, 1070036
264.115, 1070036
264.632, 1070036
265.2, 1070036
265.709, 1070036
266.252, 1070036
266.741, 1070036
267.223, 1070036
267.85, 1070036
268.52, 1070036
269.097, 1070036
269.611, 1070036
270.155, 1070036
270.665, 1070036
271.149, 1070036
271.685, 1070036
272.175, 1070036
272.676, 1070036
273.175, 1070036
273.659, 1070036
274.167, 1070036
274.633, 1070036
275.106, 1070036
275.573, 1070036
276.029, 1070036
276.486, 1070036
276.955, 1070036
277.423, 1070036
277.9, 1070036
278.373, 1070036
278.863, 1070036
279.326, 1070036
279.793, 1070036
280.245, 1070036
280.73, 1070036
281.187, 1070036
281.643, 1070036
282.102, 1070036
282.585, 1070036
283.043, 1070036
283.535, 1070036
284.002, 1070036
284.46, 1070036
284.924, 1070036
285.387, 1070036
285.847, 1070036
286.302, 1070036
286.764, 1070036
287.225, 1070036
287.687, 1070036
288.147, 1070036
288.608, 1070036
289.08, 1070036
289.545, 1070036
290.018, 1070036
290.494, 1070036
290.956, 1070036
291.425, 1070036
291.888, 1070036
292.348, 1070036
292.82, 1070036
293.275, 1070036
293.736, 1070036
294.205, 1070036
294.676, 1070036
295.213, 1070036
295.753, 1070036
296.294, 1070036
296.889, 1070036
297.399, 1070036
297.894, 1070036
298.375, 1070036
299.127, 1070036
299.751, 1070036
300.378, 1070036
300.946, 1070036
301.581, 1070036
302.053, 1070036
302.52, 1070036
303.042, 1070036
303.603, 1070036
304.144, 1070036
304.616, 1070036
305.116, 1070036
305.62, 1070036
306.126, 1070036
306.638, 1070036
307.17, 1070036
307.689, 1070036
308.179, 1070036
308.689, 1070036
309.196, 1070036
309.672, 1070036
310.205, 1070036
310.683, 1070036
311.162, 1070036
311.672, 1070036
312.163, 1070036
312.642, 1070036
313.194, 1070036
313.768, 1070036
314.374, 1070036
314.981, 1070036
315.461, 1070036
315.963, 1070036
316.452, 1070036
316.955, 1070036
317.44, 1070036
317.934, 1070036
318.456, 1070036
318.957, 1070036
319.43, 1070036
319.907, 1070036
320.414, 1070036
320.897, 1070036
321.387, 1070036
321.965, 1070036
322.507, 1070036
323.145, 1070036
323.669, 1070036
324.158, 1070036
324.71, 1070036
325.258, 1070036
325.814, 1070036
326.374, 1070036
326.943, 1070036
327.42, 1070036
327.882, 1070036
328.406, 1070036
328.905, 1070036
329.457, 1070036
329.976, 1070036
330.484, 1070036
330.975, 1070036
331.452, 1070036
331.966, 1070036
332.459, 1070036
332.942, 1070036
333.417, 1070036
333.919, 1070036
334.401, 1070036
334.874, 1070036
335.339, 1070036
335.811, 1070036
336.283, 1070036
336.771, 1070036
337.258, 1070036
337.736, 1070036
338.213, 1070036
338.684, 1070036
339.172, 1070036
339.649, 1070036
340.138, 1070036
340.627, 1070036
341.109, 1070036
341.583, 1070036
342.072, 1070036
342.558, 1070036
343.034, 1070036
343.5, 1070036
344.037, 1070036
344.634, 1070036
345.251, 1070036
345.768, 1070036
346.226, 1070036
346.756, 1070036
347.243, 1070036
347.724, 1070036
348.215, 1070036
348.69, 1070036
349.148, 1070036
349.61, 1070300
350.068, 1070300
350.525, 1070300
350.997, 1070300
351.477, 1070300
351.946, 1070300
352.468, 1070300
352.967, 1070300
353.427, 1070300
353.908, 1070300
354.397, 1070300
354.884, 1070300
355.428, 1070300
356.02, 1070300
356.585, 1070300
357.16, 1070300
357.7, 1070300
358.209, 1070300
358.67, 1070300
359.155, 1070300
359.637, 1070300
360.115, 1070300
360.626, 1070300
361.11, 1070300
361.59, 1070300
362.079, 1070300
362.568, 1070300
363.048, 1070300
363.569, 1070300
364.051, 1070300
364.527, 1070300
365.046, 1070300
365.563, 1070300
366.053, 1070300
366.566, 1070300
367.032, 1070300
367.519, 1070300
367.979, 1070300
368.452, 1070300
368.921, 1070300
369.382, 1070300
369.855, 1070300
370.334, 1070300
370.89, 1070300
371.435, 1070300
371.95, 1070300
372.473, 1070300
372.967, 1070300
373.452, 1070300
373.957, 1070300
374.434, 1070300
374.904, 1070300
375.365, 1070300
375.825, 1070300
376.291, 1070300
376.747, 1070300
377.203, 1070300
377.67, 1070300
378.13, 1070300
378.584, 1070300
379.039, 1070300
379.499, 1070300
379.956, 1070300
380.412, 1070300
380.874, 1070300
381.354, 1070300
381.82, 1070300
382.294, 1070300
382.764, 1070300
383.219, 1070300
383.685, 1070300
384.16, 1070300
384.648, 1070300
385.115, 1070300
385.583, 1070300
386.1, 1070300
386.583, 1070300
387.071, 1070300
387.543, 1070300
388.023, 1070300
388.492, 1070300
388.981, 1070300
389.455, 1070300
389.923, 1070300
390.394, 1070300
390.861, 1070300
391.325, 1070300
391.856, 1070300
392.323, 1070300
392.802, 1070300
393.327, 1070300
393.838, 1070300
394.392, 1070300
394.889, 1070300
395.443, 1070300
396.05, 1070300
396.64, 1070300
397.129, 1070300
397.633, 1070300
398.168, 1070300
398.644, 1070300
399.142, 1070300
399.703, 1070300
400.216, 1070300
400.698, 1070300
401.176, 1070300
401.643, 1070300
402.27, 1070300
402.737, 1070300
403.204, 1070300
403.666, 1070300
404.127, 1070300
404.586, 1070300
405.048, 1070300
405.51, 1070300
405.973, 1070300
406.53, 1070300
407.039, 1070300
407.525, 1070300
407.99, 1070300
408.484, 1070300
408.994, 1070300
409.545, 1070300
410.183, 1070300
410.741, 1070300
411.35, 1070300
411.948, 1070300
412.423, 1070300
412.967, 1070300
413.465, 1070300
414.006, 1070300
414.475, 1070300
414.936, 1070300
415.397, 1070300
415.854, 1070300
416.334, 1070300
416.861, 1070300
417.329, 1070300
417.795, 1070300
418.254, 1070300
418.716, 1070300
419.176, 1070300
419.636, 1070300
420.112, 1070300
420.589, 1070300
421.059, 1070300
421.532, 1070300
421.995, 1070300
422.461, 1070300
422.925, 1070300
423.391, 1070300
423.855, 1070300
424.316, 1070300
424.772, 1070300
425.233, 1070300
425.695, 1070300
426.158, 1070564
426.616, 1070564
427.073, 1070564
427.529, 1070564
427.989, 1070564
428.447, 1070564
428.907, 1070564
429.396, 1070564
429.974, 1070564
430.536, 1070564
431.032, 1070564
431.488, 1070564
432.017, 1070564
432.637, 1070564
433.315, 1070564
433.814, 1070564
434.345, 1070564
434.808, 1070564
435.265, 1070564
435.724, 1070564
436.181, 1070564
436.649, 1070564
437.119, 1070564
437.59, 1070564
438.054, 1070564
438.517, 1070564
438.995, 1070564
439.472, 1070564
439.974, 1070564
440.462, 1070564
441.018, 1070564
441.671, 1070564
442.244, 1070564
442.78, 1070564
443.256, 1070564
443.733, 1070564
444.201, 1070564
444.653, 1070564
445.106, 1070564
445.626, 1070564
446.198, 1070564
446.743, 1070564
447.254, 1070564
447.71, 1070564
448.19, 1070564
448.65, 1070564
449.124, 1070564
449.587, 1070564
450.058, 1070564
450.52, 1070564
450.989, 1070564
451.459, 1070564
451.976, 1070564
452.456, 1070564
453.074, 1070564
453.583, 1070564
454.073, 1070564
454.559, 1070564
455.08, 1070564
455.539, 1070564
456.034, 1070564
456.545, 1070564
457.006, 1070564
457.475, 1070564
457.936, 1070564
458.398, 1070564
458.918, 1070564
459.379, 1070564
459.84, 1070564
460.306, 1070564
460.787, 1070564
461.283, 1070564
461.793, 1070564
462.266, 1070564
462.748, 1070564
463.216, 1070564
463.683, 1070564
464.156, 1070564
464.643, 1070564
465.151, 1070564
465.787, 1070564
466.302, 1070564
466.837, 1070564
467.378, 1070564
467.919, 1070564
468.428, 1070564
468.979, 1070564
469.435, 1070564
469.977, 1070564
470.457, 1070564
470.995, 1070564
471.522, 1070564
472.07, 1070564
472.621, 1070564
473.17, 1070564
473.726, 1070564
474.272, 1070564
474.802, 1070564
475.355, 1070564
475.847, 1070564
476.31, 1070564
476.787, 1070564
477.257, 1070564
477.754, 1070564
478.233, 1070564
478.805, 1070564
479.277, 1070564
479.764, 1070564
480.244, 1070564
480.728, 1070564
481.192, 1070564
481.65, 1070564
482.112, 1070564
482.571, 1070564
483.049, 1070564
483.507, 1070564
483.966, 1070564
484.436, 1070564
484.891, 1070828
485.36, 1070828
485.82, 1070828
486.276, 1070828
486.732, 1070828
487.191, 1070828
487.646, 1070828
488.101, 1070828
488.553, 1070828
489.008, 1070828
489.461, 1070828
489.913, 1070828
490.367, 1070828
490.826, 1070828
491.279, 1070828
491.733, 1070828
492.192, 1070828
492.648, 1070828
493.103, 1070828
493.559, 1070828
494.053, 1070828
494.661, 1070828
495.229, 1070828
495.732, 1070828
496.204, 1070828
496.673, 1070828
497.131, 1070828
497.608, 1070828
498.091, 1070828
498.624, 1070828
499.11, 1070828
499.712, 1070828
500.192, 1070828
500.654, 1070828
501.162, 1070828
501.649, 1070828
502.134, 1070828
502.604, 1070828
503.073, 1070828
503.544, 1070828
504.018, 1070828
504.487, 1070828
504.96, 1070828
505.431, 1070828
505.941, 1070828
506.419, 1070828
506.917, 1070828
507.389, 1070828
507.866, 1070828
508.336, 1070828
508.798, 1070828
509.265, 1070828
509.745, 1070828
510.237, 1070828
510.7, 1070828
511.191, 1070828
511.657, 1070828
512.172, 1070828
512.655, 1070828
513.11, 1070828
513.57, 1070828
514.043, 1070828
514.546, 1070828
515.059, 1070828
515.593, 1070828
516.085, 1070828
516.557, 1070828
517.012, 1070828
517.465, 1070828
517.923, 1070828
518.389, 1070828
518.875, 1070828
519.358, 1070828
519.833, 1070828
520.306, 1070828
520.778, 1070828
521.255, 1070828
521.722, 1070828
522.195, 1070828
522.668, 1070828
523.148, 1070828
523.624, 1070828
524.104, 1070828
524.579, 1070828
525.068, 1070828
525.553, 1070828
526.029, 1070828
526.502, 1070828
526.98, 1070828
527.469, 1070828
527.968, 1070828
528.442, 1070828
528.919, 1070828
529.394, 1070828
529.875, 1070828
530.372, 1070828
530.854, 1070828
531.476, 1070828
531.953, 1070828
532.517, 1070828
533.004, 1070828
533.505, 1070828
533.994, 1070828
534.495, 1070828
534.988, 1070828
535.472, 1070828
535.957, 1070828
536.446, 1070828
536.926, 1070828
537.413, 1070828
537.908, 1070828
538.388, 1070828
538.868, 1070828
539.351, 1070828
539.834, 1070828
540.383, 1070828
540.856, 1070828
541.345, 1070828
541.832, 1070828
542.309, 1070828
542.795, 1070828
543.268, 1070828
543.742, 1070828
544.221, 1070828
544.711, 1070828
545.186, 1070828
545.668, 1070828
546.19, 1070828
546.657, 1070828
547.139, 1070828
547.619, 1070828
548.098, 1070828
548.581, 1070828
549.068, 1070828
549.543, 1070828
550.149, 1070828
550.685, 1070828
551.227, 1070828
551.798, 1070828
552.364, 1070828
552.861, 1070828
553.343, 1070828
553.825, 1070828
554.305, 1070828
554.774, 1070828
555.259, 1070828
555.73, 1070828
556.206, 1070828
556.671, 1070828
557.147, 1070828
557.633, 1070828
558.116, 1070828
558.587, 1070828
559.053, 1070828
559.519, 1070828
559.995, 1070828
560.464, 1070828
560.935, 1070828
561.425, 1070828
561.896, 1070828
562.359, 1070828
562.822, 1070828
563.28, 1070828
563.739, 1070828
564.271, 1070828
564.778, 1070828
565.294, 1070828
565.771, 1070828
566.243, 1070828
566.756, 1070828
567.245, 1070828
567.734, 1070828
568.206, 1070828
568.685, 1070828
569.156, 1070828
569.612, 1070828
570.067, 1070828
570.542, 1070828
571.002, 1070828
571.461, 1070828
571.95, 1070828
572.436, 1070828
572.911, 1070828
573.373, 1070828
573.832, 1070828
574.296, 1070828
574.775, 1070828
575.252, 1070828
575.72, 1070828
576.25, 1070828
576.713, 1070828
577.236, 1070828
577.756, 1070828
578.208, 1070828
578.681, 1070828
579.151, 1070828
579.624, 1070828
580.102, 1070828
580.566, 1070828
581.021, 1070828
581.489, 1070828
581.957, 1070828
582.412, 1070828
582.899, 1070828
583.37, 1070828
583.869, 1070828
584.334, 1070828
584.856, 1071092
585.353, 1071092
585.847, 1071092
586.333, 1071092
586.825, 1071092
587.309, 1071092
587.792, 1071092
588.256, 1071092
588.778, 1071092
589.243, 1071092
589.723, 1071092
590.185, 1071092
590.654, 1071092
591.159, 1071092
591.632, 1071092
592.113, 1071092
592.67, 1071092
593.235, 1071092
593.763, 1071092
594.283, 1071092
594.77, 1071092
595.233, 1071092
595.746, 1071092
596.216, 1071092
596.672, 1071092
597.149, 1071092
597.634, 1071092
598.116, 1071092
598.616, 1071092
599.073, 1071092
599.606, 1071092
600.156, 1071092
600.819, 1071092
601.343, 1071092
601.808, 1071092
602.302, 1071092
602.76, 1071092
603.219, 1071092
603.685, 1071092
604.173, 1071092
604.653, 1071092
605.193, 1071092
605.741, 1071092
606.343, 1071092
606.834, 1071092
607.368, 1071092
607.905, 1071092
608.423, 1071092
608.878, 1071092
609.393, 1071092
609.874, 1071092
610.329, 1071092
610.857, 1071092
611.397, 1071092
611.895, 1071092
612.383, 1071092
612.856, 1071092
613.318, 1071092
613.809, 1071092
614.275, 1071092
614.735, 1071092
615.206, 1071092
615.667, 1071092
616.128, 1071092
616.599, 1071092
617.068, 1071092
617.604, 1071092
618.084, 1071092
618.537, 1071092
618.999, 1071092
619.459, 1071092
619.913, 1071092
620.38, 1071092
620.859, 1071092
621.331, 1071092
621.807, 1071092
622.286, 1071092
622.768, 1071092
623.22, 1071092
623.696, 1071092
624.182, 1071092
624.684, 1071092
625.269, 1071092
625.828, 1071092
626.328, 1071092
626.813, 1071092
627.292, 1071092
627.753, 1071092
628.248, 1071092
628.739, 1071092
629.229, 1071092
629.727, 1071092
630.231, 1071092
630.787, 1071092
631.288, 1071092
631.758, 1071092
632.218, 1071092
632.697, 1071092
633.167, 1071092
633.626, 1071092
634.089, 1071092
634.564, 1071092
635.033, 1071092
635.49, 1071092
635.95, 1071092
636.41, 1071092
636.868, 1071092
637.321, 1071092
637.778, 1071092
638.231, 1071092
638.687, 1071092
639.149, 1071092
639.648, 1071092
640.134, 1071092
640.607, 1071092
641.095, 1071092
641.582, 1071092
642.062, 1071092
642.529, 1071092
642.988, 1071092
643.451, 1071092
643.933, 1071092
644.419, 1071092
644.908, 1071092
645.376, 1071092
645.853, 1071092
646.327, 1071092
646.81, 1071092
647.286, 1071092
647.755, 1071092
648.222, 1071092
648.688, 1071092
649.169, 1071092
649.636, 1071092
650.116, 1071092
650.583, 1071092
651.056, 1071092
651.538, 1071092
652.017, 1071092
652.504, 1071092
652.975, 1071092
653.439, 1071092
653.907, 1071092
654.378, 1071092
654.849, 1071092
655.329, 1071092
655.807, 1071092
656.282, 1071092
656.765, 1071092
657.255, 1071092
657.737, 1071092
658.221, 1071092
658.691, 1071092
659.166, 1071092
659.642, 1071092
660.13, 1071092
660.613, 1071092
661.092, 1071092
661.564, 1071092
662.038, 1071092
662.504, 1071092
662.99, 1071092
663.492, 1071092
664.001, 1071092
664.528, 1071092
664.997, 1071092
665.476, 1071092
665.958, 1071092
666.426, 1071092
666.913, 1071092
667.387, 1071092
667.856, 1071092
668.327, 1071092
668.812, 1071092
669.29, 1071092
669.758, 1071092
670.23, 1071092
670.708, 1071092
671.187, 1071092
671.66, 1071092
672.134, 1071092
672.619, 1071092
673.098, 1071092
673.563, 1071092
674.026, 1071092
674.499, 1071092
674.975, 1071092
675.443, 1071092
675.915, 1071092
676.389, 1071092
676.857, 1071092
677.314, 1071092
677.776, 1071092
678.248, 1071092
678.717, 1071092
679.191, 1071092
679.655, 1071092
680.12, 1071092
680.581, 1071092
681.093, 1071092
681.664, 1071092
682.206, 1071092
682.715, 1071092
683.23, 1071092
683.871, 1071092
684.446, 1071092
684.928, 1071092
685.403, 1071092
685.875, 1071092
686.359, 1071092
686.829, 1071092
687.316, 1071092
687.781, 1071092
688.246, 1071092
688.708, 1071092
689.188, 1071092
689.784, 1071092
690.279, 1071092
690.763, 1071092
691.246, 1071092
691.712, 1071092
692.194, 1071092
692.667, 1071092
693.138, 1071092
693.614, 1071092
694.157, 1071092
694.687, 1071092
695.218, 1071092
695.703, 1071092
696.198, 1071092
696.776, 1071092
697.255, 1071092
697.755, 1071092
698.252, 1071092
698.828, 1071092
699.378, 1071092
699.851, 1071092
700.408, 1071092
700.874, 1071092
701.339, 1071092
701.809, 1071092
702.359, 1071092
702.958, 1071092
703.445, 1071092
704.034, 1071092
704.594, 1071092
705.249, 1071092
705.74, 1071092
706.338, 1071092
706.949, 1071092
707.582, 1071092
708.086, 1071092
708.579, 1071092
709.075, 1071092
709.555, 1071092
710.042, 1071092
710.552, 1071092
711.024, 1071092
711.492, 1071092
711.959, 1071092
712.422, 1071092
712.891, 1071092
713.387, 1071092
713.856, 1071092
714.341, 1071092
714.887, 1071092
715.494, 1071092
716.104, 1071092
716.595, 1071092
717.107, 1071092
717.615, 1071092
718.093, 1071092
718.628, 1071092
719.113, 1071092
719.578, 1071092
720.051, 1071092
720.517, 1071092
721.022, 1071092
721.49, 1071092
722.031, 1071092
722.611, 1071092
723.235, 1071092
723.878, 1071092
724.462, 1071092
725.005, 1071092
725.657, 1071092
726.297, 1071092
726.767, 1071092
727.253, 1071092
727.738, 1071092
728.21, 1071092
728.697, 1071092
729.181, 1071092
729.682, 1071092
730.187, 1071092
730.705, 1071092
731.172, 1071092
731.638, 1071092
732.106, 1071092
732.569, 1071092
733.031, 1071092
733.496, 1071092
733.99, 1071092
734.463, 1071092
734.936, 1071092
735.402, 1071092
735.873, 1071092
736.346, 1071092
736.814, 1071092
737.281, 1071092
737.76, 1071092
738.236, 1071092
738.705, 1071092
739.187, 1071092
739.674, 1071092
740.14, 1071092
740.617, 1071092
741.133, 1071092
741.618, 1071092
742.098, 1071092
742.585, 1071092
743.063, 1071092
743.567, 1071092
744.041, 1071092
744.51, 1071092
744.968, 1071092
745.429, 1071092
745.914, 1071092
746.402, 1071092
746.884, 1071092
747.362, 1071092
747.826, 1071092
748.313, 1071092
748.78, 1071092
749.241, 1071092
749.709, 1071092
750.175, 1071092
750.638, 1071092
751.096, 1071092
751.557, 1071092
752.015, 1071092
752.477, 1071092
752.94, 1071092
753.399, 1071092
753.859, 1071092
754.326, 1071092
754.798, 1071092
755.263, 1071092
755.734, 1071092
756.231, 1071092
756.705, 1071092
757.167, 1071092
757.624, 1071092
758.084, 1071092
758.551, 1071092
759.027, 1071092
759.507, 1071092
759.98, 1071092
760.445, 1071092
760.912, 1071092
761.39, 1071092
761.866, 1071092
762.379, 1071092
762.917, 1071092
763.426, 1071092
763.901, 1071092
764.387, 1071092
764.862, 1071092
765.34, 1071092
765.806, 1071092
766.279, 1071092
766.764, 1071092
767.246, 1071092
767.731, 1071092
768.21, 1071092
768.689, 1071092
769.16, 1071092
769.649, 1071092
770.128, 1071092
770.6, 1071092
771.072, 1071092
771.566, 1071092
772.052, 1071092
772.587, 1071356
773.102, 1071356
773.597, 1071356
774.095, 1071356
774.581, 1071356
775.059, 1071356
775.559, 1071356
776.06, 1071356
776.55, 1071356
777.04, 1071356
777.54, 1071356
778.037, 1071356
778.536, 1071620
779.032, 1071620
779.531, 1071620
780.04, 1071620
780.533, 1071620
781.017, 1071620
781.508, 1071620
782.102, 1071620
782.614, 1071620
783.129, 1071620
783.692, 1071620
784.261, 1071620
784.778, 1071620
785.309, 1071620
785.823, 1071620
786.338, 1071884
786.852, 1072148
787.387, 1072148
787.911, 1072412
788.426, 1072412
788.956, 1072676
789.488, 1072940
790.003, 1072940
790.527, 1072940
791.08, 1072940
791.743, 1072940
792.301, 1072940
792.819, 1072940
793.34, 1072940
793.876, 1073204
794.39, 1073204
794.901, 1073204
795.431, 1073204
796.029, 1073204
796.558, 1073204
797.075, 1073204
797.583, 1073204
798.09, 1073204
798.61, 1073204
799.127, 1073204
799.632, 1073204
800.137, 1073204
800.64, 1073204
801.153, 1073204
801.656, 1073204
802.158, 1073204
802.66, 1073204
803.179, 1073204
803.687, 1073204
804.192, 1073204
804.687, 1073204
805.187, 1073204
805.717, 1073204
806.235, 1073204
806.761, 1073204
807.267, 1073204
807.777, 1073204
808.291, 1073204
808.796, 1073204
809.314, 1073204
809.81, 1073204
810.315, 1073204
810.829, 1073204
811.331, 1073204
811.835, 1073204
812.331, 1073204
812.842, 1073204
813.349, 1073204
813.87, 1073204
814.375, 1073204
814.89, 1073204
815.404, 1073204
815.907, 1073204
816.419, 1073204
816.936, 1073204
817.437, 1073204
817.94, 1073204
818.449, 1073204
818.959, 1073204
819.462, 1073204
819.962, 1073204
820.484, 1073204
821.002, 1073204
821.499, 1073204
822.005, 1073204
822.506, 1073204
823.014, 1073204
823.518, 1073204
824.041, 1073204
824.55, 1073204
825.075, 1073204
825.586, 1073204
826.099, 1073204
826.612, 1073204
827.217, 1073204
827.726, 1073204
828.233, 1073204
828.79, 1073204
829.317, 1073204
829.924, 1073204
830.503, 1073204
831.029, 1073204
831.53, 1073204
832.034, 1073204
832.54, 1073204
833.044, 1073204
833.568, 1073204
834.08, 1073204
834.594, 1073204
835.101, 1073204
835.616, 1073204
836.127, 1073204
836.646, 1073204
837.171, 1073468
837.681, 1073468
838.193, 1073468
838.703, 1073468
839.213, 1073468
839.734, 1073468
840.247, 1073732
840.762, 1073732
841.269, 1073732
841.781, 1073732
842.286, 1073732
842.799, 1073732
843.312, 1073732
843.815, 1073732
844.324, 1073732
844.825, 1073732
845.358, 1073732
845.873, 1073732
846.392, 1073732
846.907, 1073732
847.419, 1073732
847.943, 1073732
848.551, 1073732
849.081, 1073732
849.595, 1073732
850.106, 1073732
850.613, 1073732
851.121, 1073732
851.642, 1073732
852.153, 1073732
852.66, 1073732
853.167, 1073732
853.679, 1073732
854.19, 1073732
854.706, 1073732
855.225, 1073732
855.76, 1073732
856.276, 1073732
856.78, 1073732
857.284, 1073732
857.787, 1073732
858.29, 1073732
858.794, 1073732
859.303, 1073732
859.816, 1073732
860.347, 1073732
860.883, 1073732
861.446, 1073732
861.97, 1073732
862.553, 1073732
863.059, 1073732
863.564, 1073732
864.077, 1073732
864.596, 1073732
865.101, 1073732
865.607, 1073732
866.146, 1073732
866.652, 1073732
867.162, 1073732
867.674, 1073732
868.19, 1073732
868.7, 1073732
869.2, 1073732
869.712, 1073732
870.224, 1073732
870.752, 1073732
871.261, 1073732
871.76, 1073732
872.271, 1073732
872.774, 1073732
873.282, 1073732
873.788, 1073732
874.296, 1073996
874.802, 1073996
875.313, 1073996
875.843, 1073996
876.358, 1073996
876.874, 1073996
877.4, 1073996
877.935, 1073996
878.458, 1073996
879.043, 1073996
879.546, 1073996
880.047, 1073996
880.562, 1073996
881.076, 1073996
881.583, 1073996
882.09, 1073996
882.617, 1073996
883.156, 1073996
883.655, 1073996
884.368, 1073996
885.289, 1073996
885.881, 1073996
886.395, 1073996
886.932, 1073996
887.936, 1073996
888.578, 1073996
889.158, 1073996
889.719, 1073996
890.25, 1073996
890.76, 1073996
891.273, 1073996
891.778, 1073996
892.278, 1073996
892.778, 1073996
893.281, 1073996
893.778, 1073996
894.313, 1073996
894.891, 1073996
895.412, 1073996
895.933, 1073996
896.433, 1073996
896.935, 1073996
897.436, 1073996
897.989, 1073996
898.521, 1073996
899.023, 1073996
899.521, 1073996
900.022, 1073996
900.519, 1073996
901.018, 1073996
901.512, 1073996
902.011, 1073996
902.508, 1073996
903.009, 1073996
903.509, 1073996
904.012, 1073996
904.514, 1073996
905.017, 1073996
905.53, 1073996
906.036, 1073996
906.541, 1073996
907.047, 1073996
907.552, 1073996
908.057, 1073996
908.561, 1073996
909.065, 1073996
909.568, 1073996
910.072, 1073996
910.577, 1073996
911.086, 1073996
911.595, 1073996
912.119, 1073996
912.738, 1073996
913.29, 1073996
913.809, 1073996
914.336, 1073996
914.868, 1073996
915.395, 1073996
915.922, 1073996
916.445, 1073996
916.967, 1073996
917.494, 1073996
918.021, 1073996
918.543, 1073996
919.071, 1073996
919.663, 1073996
920.286, 1073996
920.817, 1073996
921.352, 1073996
921.878, 1073996
922.411, 1073996
922.933, 1073996
923.536, 1073996
924.065, 1073996
924.59, 1073996
925.115, 1073996
925.648, 1073996
926.169, 1073996
926.714, 1073996
927.289, 1073996
927.924, 1073996
928.568, 1073996
929.087, 1073996
929.605, 1073996
930.126, 1073996
930.645, 1073996
931.165, 1073996
931.68, 1073996
932.2, 1073996
932.72, 1073996
933.246, 1073996
933.764, 1074260
934.286, 1074260
934.813, 1074260
935.332, 1074260
935.856, 1074260
936.389, 1074260
936.923, 1074260
937.453, 1074260
937.982, 1074260
938.51, 1074260
939.023, 1074260
939.543, 1074260
940.053, 1074260
940.57, 1074260
941.18, 1074260
941.689, 1074260
942.261, 1074260
942.879, 1074260
943.411, 1074260
943.94, 1074260
944.457, 1074260
945.1, 1074260
945.685, 1074260
946.204, 1074260
946.753, 1074260
947.286, 1074260
947.912, 1074260
948.578, 1074260
949.209, 1074260
949.729, 1074260
950.26, 1074260
950.784, 1074260
951.307, 1074260
951.833, 1074260
952.352, 1074260
952.863, 1074260
953.376, 1074260
953.89, 1074260
954.405, 1074260
954.913, 1074260
955.459, 1074260
956.022, 1074260
956.585, 1074260
957.112, 1074260
957.62, 1074260
958.126, 1074260
958.664, 1074260
959.2, 1074260
959.71, 1074260
960.256, 1074260
960.88, 1074260
961.439, 1074260
962.039, 1074260
962.681, 1074260
963.34, 1074260
963.914, 1074260
964.484, 1074260
965.119, 1074260
965.668, 1074260
966.186, 1074260
966.687, 1074260
967.209, 1074260
967.711, 1074260
968.229, 1074260
968.735, 1074260
969.245, 1074260
969.741, 1074260
970.251, 1074260
970.756, 1074260
971.259, 1074260
971.754, 1074260
972.273, 1074260
972.771, 1074260
973.27, 1074260
973.783, 1074260
974.285, 1074260
974.787, 1074260
975.295, 1074260
975.795, 1074260
976.303, 1074260
976.808, 1074260
977.315, 1074260
977.815, 1074260
978.323, 1074260
978.823, 1074260
979.321, 1074260
979.815, 1074260
980.312, 1074260
980.808, 1074260
981.316, 1074260
981.81, 1074260
982.31, 1074260
982.81, 1074260
983.302, 1074260
983.805, 1074260
984.307, 1074260
984.81, 1074260
985.301, 1074260
985.816, 1074260
986.345, 1074260
986.849, 1074260
987.351, 1074260
987.844, 1074260
988.356, 1074260
988.851, 1074260
989.351, 1074260
989.843, 1074260
990.361, 1074260
990.854, 1074260
991.353, 1074260
991.851, 1074260
992.35, 1074260
992.844, 1074260
993.356, 1074260
993.884, 1074260
994.417, 1074260
994.917, 1074260
995.41, 1074260
995.912, 1074260
996.415, 1074260
996.915, 1074260
997.425, 1074260
997.919, 1074260
998.42, 1074260
998.913, 1074260
999.415, 1074260
999.921, 1074260
1000.45, 1074260
1000.95, 1074260
1001.44, 1074260
1001.94, 1074260
1002.44, 1074260
1002.94, 1074260
1003.44, 1074260
1003.93, 1074260
1004.43, 1074260
1004.92, 1074260
1005.42, 1074260
1005.92, 1074260
1006.41, 1074260
1006.94, 1074260
1007.45, 1074260
1007.95, 1074260
1008.45, 1074260
1008.95, 1074260
1009.45, 1074260
1009.97, 1074260
1010.51, 1074260
1011.01, 1074260
1011.51, 1074260
1012.02, 1074260
1012.53, 1074260
1013.03, 1074260
1013.53, 1074260
1014.05, 1074260
1014.55, 1074260
1015.08, 1074260
1015.6, 1074260
1016.09, 1074260
1016.59, 1074260
1017.09, 1074260
1017.58, 1074260
1018.08, 1074260
1018.57, 1074260
1019.07, 1074260
1019.58, 1074260
1020.11, 1074260
1020.59, 1074260
1021.11, 1074260
1021.61, 1074260
1022.12, 1074260
1022.61, 1074260
1023.11, 1074260
1023.6, 1074260
1024.11, 1074260
1024.6, 1074260
1025.1, 1074260
1025.62, 1074260
1026.12, 1074260
1026.62, 1074260
1027.16, 1074260
1027.67, 1074260
1028.16, 1074260
1028.68, 1074260
1029.19, 1074260
1029.69, 1074260
1030.2, 1074260
1030.69, 1074260
1031.2, 1074260
1031.72, 1074260
1032.22, 1074260
1032.72, 1074260
1033.29, 1074260
1033.84, 1074260
1034.34, 1074260
1034.87, 1074260
1035.39, 1074260
1035.95, 1074260
1036.53, 1074260
1037.05, 1074260
1037.55, 1074260
1038.08, 1074260
1038.59, 1074260
1039.12, 1074260
1039.63, 1074260
1040.14, 1074260
1040.7, 1074260
1041.29, 1074260
1041.81, 1074260
1042.35, 1074260
1042.86, 1074260
1043.38, 1074260
1043.9, 1074260
1044.43, 1074260
1044.96, 1074260
1045.48, 1074260
1046.02, 1074260
1046.55, 1074260
1047.11, 1074260
1047.69, 1074260
1048.23, 1074260
1048.79, 1074260
1049.35, 1074260
1049.9, 1074260
1050.43, 1074260
1051.01, 1074260
1051.55, 1074260
1052.09, 1074260
1052.66, 1074260
1053.24, 1074260
1053.8, 1074260
1054.35, 1074260
1054.94, 1074260
1055.47, 1074260
1056, 1074260
1056.51, 1074260
1057.12, 1074260
1057.63, 1074260
1058.14, 1074260
1058.65, 1074260
1059.17, 1074260
1059.71, 1074260
1060.22, 1074260
1060.74, 1074260
1061.25, 1074260
1061.85, 1074260
1062.47, 1074524
1063, 1074524
1063.54, 1074524
1064.08, 1074524
1064.59, 1074524
1065.11, 1074524
1065.64, 1074524
1066.16, 1074524
1066.66, 1074524
1067.18, 1074524
1067.72, 1074524
1068.35, 1074524
1068.88, 1074524
1069.43, 1074524
1069.96, 1074524
1070.48, 1074524
1071, 1074524
1071.52, 1074524
1072.05, 1074524
1072.57, 1074524
1073.1, 1074524
1073.67, 1074524
1074.24, 1074524
1074.77, 1074524
1075.3, 1074524
1075.83, 1074524
1076.36, 1074524
1076.89, 1074524
1077.44, 1074524
1077.98, 1074524
1078.5, 1074524
1079.05, 1074524
1079.58, 1074524
1080.11, 1074524
1080.67, 1074524
1081.25, 1074524
1081.76, 1074524
1082.32, 1074524
1082.92, 1074524
1083.45, 1074524
1084.05, 1074524
1084.55, 1074788
1085.06, 1074788
1085.57, 1074788
1086.09, 1074788
1086.68, 1074788
1087.19, 1074788
1087.7, 1074788
1088.24, 1074788
1088.76, 1074788
1089.3, 1074788
1089.82, 1074788
1090.35, 1074788
1090.88, 1074788
1091.4, 1074788
1091.9, 1074788
1092.44, 1074788
1092.98, 1074788
1093.54, 1074788
1094.08, 1074788
1094.6, 1074788
1095.12, 1074788
1095.63, 1074788
1096.14, 1074788
1096.69, 1074788
1097.21, 1074788
1097.72, 1074788
1098.24, 1074788
1098.75, 1074788
1099.27, 1074788
1099.79, 1074788
1100.35, 1074788
1100.94, 1074788
1101.49, 1074788
1102.05, 1074788
1102.56, 1074788
1103.08, 1074788
1103.59, 1074788
1104.11, 1074788
1104.64, 1074788
1105.19, 1074788
1105.71, 1074788
1106.27, 1074788
1106.83, 1074788
1107.35, 1074788
1107.86, 1074788
1108.35, 1074788
1108.85, 1074788
1109.34, 1074788
1109.85, 1074788
1110.37, 1074788
1110.87, 1074788
1111.37, 1074788
1111.97, 1074788
1112.46, 1074788
1112.95, 1074788
1113.48, 1074788
1113.98, 1074788
1114.47, 1074788
1114.98, 1074788
1115.48, 1074788
1115.97, 1074788
1116.47, 1074788
1116.98, 1074788
1117.48, 1074788
1118.02, 1074788
1118.54, 1074788
1119.05, 1074788
1119.62, 1074788
1120.11, 1074788
1120.63, 1074788
1121.13, 1074788
1121.64, 1074788
1122.15, 1074788
1122.64, 1074788
1123.16, 1074788
1123.65, 1074788
1124.14, 1074788
1124.65, 1074788
1125.19, 1074788
1125.7, 1074788
1126.22, 1074788
1126.73, 1074788
1127.23, 1074788
1127.73, 1074788
1128.27, 1074788
1128.8, 1074788
1129.27, 1074788
1129.75, 1074788
1130.23, 1074788
1130.71, 1074788
1131.19, 1074788
1131.67, 1074788
1132.15, 1074788
1132.65, 1074788
1133.17, 1074788
1133.69, 1074788
1134.23, 1074788
1134.79, 1074788
1135.45, 1074788
1136.02, 1074788
1136.6, 1074788
1137.19, 1074788
1137.76, 1074788
1138.33, 1074788
1138.9, 1074788
1139.48, 1074788
1140.06, 1074788
1140.65, 1074788
1141.29, 1074788
1141.87, 1074788
1142.44, 1074788
1143.02, 1074788
1143.61, 1074788
1144.19, 1074788
1144.79, 1074788
1145.35, 1074788
1145.94, 1074788
1146.57, 1074788
1147.14, 1074788
1147.77, 1074788
1148.4, 1074788
1149.02, 1074788
1149.64, 1074788
1150.22, 1074788
1150.84, 1074788
1151.43, 1074788
1151.97, 1074788
1152.5, 1074788
1153.03, 1074788
1153.56, 1074788
1154.09, 1074788
1154.63, 1074788
1155.18, 1074788
1155.72, 1074788
1156.25, 1074788
1156.79, 1074788
1157.32, 1074788
1157.87, 1074788
1158.46, 1074788
1159.01, 1074788
1159.61, 1074788
1160.19, 1074788
1160.7, 1074788
1161.23, 1074788
1161.75, 1074788
1162.29, 1074788
1162.83, 1074788
1163.36, 1074788
1163.89, 1074788
1164.45, 1074788
1164.98, 1074788
1165.52, 1074788
1166.05, 1074788
1166.58, 1074788
1167.12, 1074788
1167.65, 1074788
1168.2, 1074788
1168.74, 1074788
1169.26, 1074788
1169.79, 1074788
1170.34, 1074788
1170.88, 1074788
1171.42, 1074788
1171.95, 1074788
1172.5, 1074788
1173.06, 1074788
1173.6, 1074788
1174.24, 1074788
1174.81, 1074788
1175.41, 1074788
1175.95, 1075052
1176.49, 1075052
1177.09, 1075052
1177.64, 1075052
1178.18, 1075052
1178.79, 1075052
1179.46, 1075052
1180.05, 1075052
1180.62, 1075052
1181.2, 1075052
1181.76, 1075052
1182.31, 1075052
1182.85, 1075052
1183.42, 1075052
1183.97, 1075052
1184.52, 1075052
1185.07, 1075052
1185.61, 1075052
1186.15, 1075052
1186.69, 1075052
1187.29, 1075052
1187.89, 1075052
1188.49, 1075052
1189.06, 1075052
1189.61, 1075052
1190.17, 1075052
1190.73, 1075052
1191.28, 1075052
1191.92, 1075052
1192.59, 1075052
1193.16, 1075052
1193.72, 1075052
1194.32, 1075052
1194.95, 1075052
1195.5, 1075052
1196.14, 1075052
1196.79, 1075316
1197.37, 1075316
1197.95, 1075316
1198.53, 1075316
1199.07, 1075316
1199.62, 1075316
1200.16, 1075316
1200.69, 1075316
1201.25, 1075316
1201.88, 1075316
1202.99, 1075316
1203.64, 1075316
1204.42, 1075316
1205.13, 1075316
1205.74, 1075316
1206.25, 1075316
1206.77, 1075316
1207.27, 1075316
1207.77, 1075316
1208.27, 1075316
1208.77, 1075316
1209.25, 1075316
1209.74, 1075316
1210.23, 1075316
1210.72, 1075316
1211.2, 1075316
1211.7, 1075316
1212.21, 1075316
1212.74, 1075316
1213.25, 1075316
1213.77, 1075316
1214.36, 1075316
1214.86, 1075316
1215.41, 1075316
1215.9, 1075316
1216.38, 1075316
1216.86, 1075316
1217.35, 1075316
1217.84, 1075316
1218.34, 1075316
1218.82, 1075316
1219.3, 1075316
1219.78, 1075316
1220.27, 1075316
1220.76, 1075316
1221.24, 1075316
1221.73, 1075316
1222.22, 1075316
1222.7, 1075316
1223.18, 1075316
1223.67, 1075316
1224.15, 1075316
1224.64, 1075316
1225.14, 1075316
1225.63, 1075316
1226.12, 1075316
1226.61, 1075316
1227.09, 1075316
1227.58, 1075316
1228.06, 1075316
1228.54, 1075316
1229.03, 1075316
1229.51, 1075316
1229.99, 1075316
1230.5, 1075316
1230.98, 1075316
1231.47, 1075316
1231.95, 1075316
1232.44, 1075316
